81 124	81 34
82 126	82 35
83 127	83 36
84 129	84 38
85 131	85 40
87 132	87 41
88 134	88 42
89 135	89 43
90 137	90 45
91 138	91 46
92 140	92 48
93 141	93 48
94 143	94 50
95 144	95 51
96 146	96 53
97 147	97 54
98 149	98 55
99 151	99 57
100 152	100 58
101 154	101 60
102 155	102 61
103 157	103 62
104 158	104 63
105 160	105 65
106 161	106 66
107 163	107 67
108 164	108 68
109 166	109 70
110 167	110 71
111 169	111 73
112 171	112 74
113 172	113 75
114 174	114 77
115 175	115 78
116 177	116 79
117 178	117 80
118 180	118 82
119 181	119 83
120 183	120 85
121 184	121 85
122 186	122 87
123 187	123 88
124 189	124 90
125 191	125 91
126 192	126 92
127 194	127 94
128 195	128 95
130 197	130 96
131 198	131 97
132 200	132 99
133 201	133 100
134 203	134 102
135 204	135 102
136 206	136 104
137 207	137 105
138 209	138 107
139 211	139 108
140 212	140 109
141 214	141 111
142 215	142 112
143 217	143 113
144 218	144 114
145 220	145 116
146 221	146 117
147 223	147 118
148 224	148 119
149 226	149 121
150 227	150 122
151 229	151 123
152 231	152 125
153 232	153 126
154 234	154 128
155 235	155 128
156 237	156 130
157 238	157 131
158 240	158 133
159 241	159 133
160 243	160 135
161 244	161 136
162 246	162 138
163 247	163 138
164 249	164 140
165 251	165 142
166 252	166 143
167 254	167 144
168 255	168 145
169 257	169 147
170 258	170 148
171 260	171 149
173 261	173 150
174 263	174 152
175 264	175 152
176 266	176 154
177 267	177 155
178 269	178 157
179 270	179 157
180 272	180 159
181 274	181 161
182 275	182 162
183 277	183 163
184 278	184 164
185 280	185 166
186 281	186 166
187 283	187 168
188 284	188 169
189 286	189 171
190 287	190 171
191 289	191 173
192 290	192 174
193 292	193 175
194 294	194 177
195 295	195 178
196 297	196 180
197 298	197 180
198 300	198 182
199 301	199 183
200 303	200 184
201 304	201 185
202 306	202 187
203 307	203 188
204 309	204 189
205 310	205 190
206 312	206 192
207 313	207 193
208 315	208 194
209 317	209 196
210 318	210 197
211 320	211 198
212 321	212 199
213 323	213 201
214 324	214 201
216 326	216 203
217 327	217 204
218 329	218 205
219 330	219 206
220 332	220 208
221 333	221 209
222 335	222 210
223 336	223 211
224 338	224 213
225 340	225 214
226 341	226 215
227 343	227 217
228 344	228 217
229 346	229 219
230 347	230 220
231 349	231 221
232 350	232 222
233 352	233 224
234 353	234 225
235 355	235 226
236 356	236 227
237 358	237 229
238 359	238 229
239 361	239 231
240 363	240 233
241 364	241 233
242 366	242 235
243 367	243 236
244 369	244 237
245 370	245 238
246 372	246 240
247 373	247 241
248 375	248 242
249 376	249 243
250 378	250 244
251 379	251 245
252 381	252 247
253 382	253 248
254 384	254 249
255 385	255 250
256 387	256 252
257 389	257 253
259 390	259 254
260 392	260 256
261 393	261 256
262 395	262 258
263 396	263 259
264 398	264 260
265 399	265 261
266 401	266 263
267 402	267 263
268 404	268 265
269 405	269 266
270 407	270 267
271 408	271 268
272 410	272 270
273 411	273 270
274 413	274 272
275 415	275 274
276 416	276 274
277 418	277 276
278 419	278 277
279 421	279 278
280 422	280 279
281 424	281 281
282 425	282 281
283 427	283 283
284 428	284 284
285 430	285 285
286 431	286 286
287 433	287 288
288 434	288 288
289 436	289 290
290 437	290 291
291 439	291 292
292 440	292 293
293 442	293 294
294 444	294 296
295 445	295 297
296 447	296 298
297 448	297 299
298 450	298 301
299 451	299 301
300 453	300 303
302 454	302 304
303 456	303 305
304 457	304 306
305 459	305 308
306 460	306 308
307 462	307 310
308 463	308 311
309 465	309 312
310 466	310 313
311 468	311 314
312 469	312 315
313 471	313 317
314 473	314 318
315 474	315 319
316 476	316 321
317 477	317 321
318 479	318 323
319 480	319 324
320 482	320 325
321 483	321 326
322 485	322 327
323 486	323 328
324 488	324 330
325 489	325 330
326 491	326 332
327 492	327 333
328 494	328 334
329 495	329 335
330 497	330 337
331 498	331 337
332 500	332 339
333 501	333 340
334 503	334 341
335 505	335 343
336 506	336 343
337 508	337 345
338 509	338 346
339 511	339 347
340 512	340 348
341 514	341 349
342 515	342 350
343 517	343 352
345 518	345 352
346 520	346 354
347 521	347 355
348 523	348 356
349 524	349 357
350 526	350 358
351 527	351 359
352 529	352 361
353 530	353 361
354 532	354 363
355 533	355 364
356 535	356 365
357 536	357 366
358 538	358 367
359 540	359 369
360 541	360 370
361 543	361 371
362 544	362 372
363 546	363 373
364 547	364 374
365 549	365 376
366 550	366 376
367 552	367 378
368 553	368 379
369 555	369 380
370 556	370 381
371 558	371 382
372 559	372 383
373 561	373 385
374 562	374 385
375 564	375 387
376 565	376 388
377 567	377 389
378 568	378 390
379 570	379 391
380 571	380 392
381 573	381 394
382 574	382 394
383 576	383 396
384 577	384 397
385 579	385 398
386 580	386 399
388 582	388 400
389 584	389 402
390 585	390 402
391 587	391 404
392 588	392 405
393 590	393 406
394 591	394 407
395 593	395 408
396 594	396 409
397 596	397 411
398 597	398 411
399 599	399 413
400 600	400 413
401 602	401 415
402 603	402 416
403 605	403 417
404 606	404 418
405 608	405 419
406 609	406 420
407 611	407 422
408 612	408 422
409 614	409 424
410 615	410 424
411 617	411 426
412 618	412 427
413 620	413 428
414 621	414 429
415 623	415 430
416 624	416 431
417 626	417 433
418 627	418 433
419 629	419 435
420 630	420 435
421 632	421 437
422 633	422 438
423 635	423 439
424 637	424 441
425 638	425 441
426 640	426 443
427 641	427 443
428 643	428 445
429 644	429 446
430 646	430 447
432 647	432 448
433 649	433 449
434 650	434 450
435 652	435 451
436 653	436 452
437 655	437 454
438 656	438 454
439 658	439 456
440 659	440 457
441 661	441 458
442 662	442 459
443 664	443 460
444 665	444 461
445 667	445 462
446 668	446 463
447 670	447 464
448 671	448 465
449 673	449 467
450 674	450 467
451 676	451 469
452 677	452 470
453 679	453 471
454 680	454 472
455 682	455 473
456 683	456 474
457 685	457 475
458 686	458 476
459 688	459 477
460 689	460 478
461 691	461 480
462 692	462 480
463 694	463 482
464 695	464 482
465 697	465 484
466 698	466 485
467 700	467 486
468 701	468 487
469 703	469 488
470 704	470 489
471 706	471 490
472 707	472 491
473 709	473 492
475 710	475 493
476 712	476 495
477 713	477 495
478 715	478 497
479 716	479 497
480 718	480 499
481 719	481 500
482 721	482 501
483 722	483 502
484 724	484 503
485 725	485 504
486 727	486 505
487 728	487 506
488 730	488 507
489 731	489 508
490 733	490 510
491 734	491 510
492 736	492 512
493 737	493 512
494 739	494 514
495 740	495 515
496 742	496 516
497 743	497 517
498 745	498 518
499 746	499 519
500 748	500 520
501 749	501 521
502 751	502 522
503 752	503 523
504 754	504 525
505 755	505 525
506 757	506 527
507 758	507 527
508 760	508 529
509 761	509 529
510 763	510 531
511 764	511 532
512 766	512 533
513 767	513 534
514 769	514 535
515 770	515 536
516 772	516 537
518 773	518 538
519 775	519 539
520 776	520 540
521 778	521 541
522 779	522 542
523 781	523 544
524 782	524 544
525 784	525 546
526 785	526 546
527 787	527 548
528 788	528 549
529 790	529 550
530 791	530 551
531 793	531 552
532 794	532 553
533 796	533 554
534 797	534 555
535 799	535 556
536 800	536 557
537 802	537 558
538 803	538 559
539 805	539 560
540 806	540 561
541 808	541 563
542 809	542 563
543 811	543 565
544 812	544 565
545 814	545 567
546 815	546 567
547 817	547 569
548 818	548 570
549 820	549 571
550 821	550 572
551 823	551 573
552 824	552 574
553 826	553 575
554 827	554 576
555 829	555 577
556 830	556 578
557 832	557 579
558 833	558 580
559 835	559 581
561 836	561 582
562 838	562 584
563 839	563 584
564 841	564 586
565 842	565 586
566 844	566 588
567 845	567 588
568 847	568 590
569 848	569 590
570 849	570 591
571 851	571 593
572 852	572 593
573 854	573 595
574 855	574 595
575 857	575 597
576 858	576 597
577 860	577 599
578 861	578 600
579 863	579 601
580 864	580 602
581 866	581 603
582 867	582 604
583 869	583 605
584 870	584 606
585 872	585 607
586 873	586 608
587 875	587 609
588 876	588 610
589 878	589 611
590 879	590 612
591 881	591 613
592 882	592 614
593 884	593 615
594 885	594 616
595 887	595 618
596 888	596 618
597 890	597 620
598 891	598 620
599 893	599 622
600 894	600 622
601 896	601 624
602 897	602 624
604 898	604 625
605 900	605 627
606 901	606 627
607 903	607 629
608 904	608 629
609 906	609 631
610 907	610 631
611 909	611 633
612 910	612 633
613 912	613 635
614 913	614 635
615 915	615 637
616 916	616 638
617 918	617 639
618 919	618 640
619 921	619 641
620 922	620 642
621 924	621 643
622 925	622 644
623 927	623 645
624 928	624 646
625 930	625 647
626 931	626 648
627 932	627 649
628 934	628 650
629 935	629 651
630 937	630 652
631 938	631 653
632 940	632 654
633 941	633 655
634 943	634 656
635 944	635 657
636 946	636 658
637 947	637 659
638 949	638 660
639 950	639 661
640 952	640 662
641 953	641 663
642 955	642 664
643 956	643 665
644 958	644 666
645 959	645 667
647 961	647 668
648 962	648 669
649 963	649 670
650 965	650 671
651 966	651 672
652 968	652 673
653 969	653 674
654 971	654 675
655 972	655 676
656 974	656 677
657 975	657 678
658 977	658 679
659 978	659 680
660 980	660 681
661 981	661 682
662 983	662 684
663 984	663 684
664 986	664 686
665 987	665 686
666 988	666 687
667 990	667 688
668 991	668 689
669 993	669 690
670 994	670 691
671 996	671 692
672 997	672 693
673 999	673 694
674 1000	674 695
675 1002	675 696
676 1003	676 697
677 1005	677 699
678 1006	678 699
679 1008	679 701
680 1009	680 701
681 1010	681 702
682 1012	682 703
683 1013	683 704
684 1015	684 705
685 1016	685 706
686 1018	686 707
687 1019	687 708
688 1021	688 709
690 1022	690 710
691 1024	691 711
692 1025	692 712
693 1027	693 714
694 1028	694 714
695 1029	695 715
696 1031	696 716
697 1032	697 717
698 1034	698 718
699 1035	699 719
700 1037	700 720
701 1038	701 721
702 1040	702 722
703 1041	703 723
704 1043	704 724
705 1044	705 725
706 1046	706 726
707 1047	707 727
708 1048	708 728
709 1050	709 729
710 1051	710 730
711 1053	711 731
712 1054	712 732
713 1056	713 733
714 1057	714 734
715 1059	715 735
716 1060	716 736
717 1062	717 737
718 1063	718 738
719 1064	719 739
720 1066	720 740
721 1067	721 741
722 1069	722 742
723 1070	723 743
724 1072	724 744
725 1073	725 745
726 1075	726 746
727 1076	727 747
728 1078	728 748
729 1079	729 749
730 1081	730 750
731 1082	731 751
733 1083	733 752
734 1085	734 753
735 1086	735 754
736 1088	736 755
737 1089	737 756
738 1091	738 757
739 1092	739 758
740 1094	740 759
741 1095	741 760
742 1096	742 760
743 1098	743 762
744 1099	744 762
745 1101	745 764
746 1102	746 764
747 1104	747 766
748 1105	748 767
749 1107	749 768
750 1108	750 769
751 1110	751 770
752 1111	752 771
753 1112	753 771
754 1114	754 773
755 1115	755 773
756 1117	756 775
757 1118	757 775
758 1120	758 777
759 1121	759 777
760 1123	760 779
761 1124	761 779
762 1125	762 780
763 1127	763 781
764 1128	764 782
765 1130	765 783
766 1131	766 784
767 1133	767 785
768 1134	768 786
769 1136	769 788
770 1137	770 788
771 1138	771 789
772 1140	772 790
773 1141	773 791
774 1143	774 792
776 1144	776 793
777 1146	777 794
778 1147	778 795
779 1149	779 796
780 1150	780 797
781 1151	781 798
782 1153	782 799
783 1154	783 800
784 1156	784 801
785 1157	785 802
786 1159	786 803
787 1160	787 804
788 1162	788 805
789 1163	789 806
790 1164	790 806
791 1166	791 808
792 1167	792 809
793 1169	793 810
794 1170	794 811
795 1172	795 812
796 1173	796 813
797 1175	797 814
798 1176	798 815
799 1177	799 815
800 1179	800 817
801 1180	801 817
802 1182	802 819
803 1183	803 819
804 1185	804 821
805 1186	805 821
806 1187	806 822
807 1189	807 823
808 1190	808 824
809 1192	809 825
810 1193	810 826
811 1195	811 827
812 1196	812 828
813 1197	813 829
814 1199	814 830
815 1200	815 831
816 1202	816 832
817 1203	817 833
818 1205	818 834
820 1206	820 835
821 1208	821 836
822 1209	822 837
823 1210	823 838
824 1212	824 839
825 1213	825 840
826 1215	826 841
827 1216	827 842
828 1218	828 843
829 1219	829 844
830 1220	830 844
831 1222	831 846
832 1223	832 846
833 1225	833 848
834 1226	834 849
835 1228	835 850
836 1229	836 851
837 1230	837 851
838 1232	838 853
839 1233	839 853
840 1235	840 855
841 1236	841 855
842 1238	842 857
843 1239	843 857
844 1240	844 858
845 1242	845 859
846 1243	846 860
847 1245	847 861
848 1246	848 862
849 1248	849 863
850 1249	850 864
851 1250	851 865
852 1252	852 866
853 1253	853 867
854 1255	854 868
855 1256	855 869
856 1257	856 870
857 1259	857 871
858 1260	858 872
859 1262	859 873
860 1263	860 874
861 1265	861 875
863 1266	863 876
864 1267	864 876
865 1269	865 878
866 1270	866 878
867 1272	867 880
868 1273	868 880
869 1275	869 882
870 1276	870 882
871 1277	871 883
872 1279	872 884
873 1280	873 885
874 1282	874 887
875 1283	875 887
876 1284	876 888
877 1286	877 889
878 1287	878 890
879 1289	879 891
880 1290	880 892
881 1292	881 893
882 1293	882 894
883 1294	883 895
884 1296	884 896
885 1297	885 897
886 1299	886 898
887 1300	887 899
888 1301	888 899
889 1303	889 901
890 1304	890 901
891 1306	891 903
892 1307	892 904
893 1309	893 905
894 1310	894 906
895 1311	895 906
896 1313	896 908
897 1314	897 908
898 1316	898 910
899 1317	899 910
900 1318	900 911
901 1320	901 912
902 1321	902 913
903 1323	903 914
904 1324	904 915
906 1325	906 916
907 1327	907 917
908 1328	908 918
909 1330	909 919
910 1331	910 920
911 1332	911 921
912 1334	912 922
913 1335	913 923
914 1337	914 924
915 1338	915 925
916 1340	916 926
917 1341	917 927
918 1342	918 927
919 1344	919 929
920 1345	920 929
921 1347	921 931
922 1348	922 932
923 1349	923 932
924 1351	924 934
925 1352	925 934
926 1354	926 936
927 1355	927 936
928 1356	928 937
929 1358	929 938
930 1359	930 939
931 1361	931 940
932 1362	932 941
933 1363	933 942
934 1365	934 943
935 1366	935 944
936 1368	936 945
937 1369	937 946
938 1370	938 947
939 1372	939 948
940 1373	940 949
941 1375	941 950
942 1376	942 951
943 1377	943 951
944 1379	944 953
945 1380	945 953
946 1382	946 955
947 1383	947 955
949 1384	949 956
950 1386	950 958
951 1387	951 958
952 1389	952 960
953 1390	953 960
954 1391	954 961
955 1393	955 962
956 1394	956 963
957 1396	957 964
958 1397	958 965
959 1398	959 966
960 1400	960 967
961 1401	961 968
962 1403	962 969
963 1404	963 970
964 1405	964 971
965 1407	965 972
966 1408	966 973
967 1409	967 973
968 1411	968 975
969 1412	969 975
970 1414	970 977
971 1415	971 977
972 1416	972 978
973 1418	973 980
974 1419	974 980
975 1421	975 982
976 1422	976 982
977 1423	977 983
978 1425	978 984
979 1426	979 985
980 1428	980 986
981 1429	981 987
982 1430	982 988
983 1432	983 989
984 1433	984 990
985 1434	985 991
986 1436	986 992
987 1437	987 993
988 1439	988 994
989 1440	989 995
990 1441	990 995
992 1443	992 997
993 1444	993 997
994 1446	994 999
995 1447	995 1000
996 1448	996 1000
997 1450	997 1002
998 1451	998 1002
999 1452	999 1003
1000 1454	1000 1004
1001 1455	1001 1005
1002 1457	1002 1006
1003 1458	1003 1007
1004 1459	1004 1008
1005 1461	1005 1009
1006 1462	1006 1010
1007 1464	1007 1011
1008 1465	1008 1012
1009 1466	1009 1013
1010 1468	1010 1014
1011 1469	1011 1015
1012 1470	1012 1016
1013 1472	1013 1017
1014 1473	1014 1018
1015 1475	1015 1019
1016 1476	1016 1020
1017 1477	1017 1020
1018 1479	1018 1022
1019 1480	1019 1022
1020 1481	1020 1023
1021 1483	1021 1025
1022 1484	1022 1025
1023 1486	1023 1027
1024 1487	1024 1027
1025 1488	1025 1028
1026 1490	1026 1029
1027 1491	1027 1030
1028 1492	1028 1031
1029 1494	1029 1032
1030 1495	1030 1033
1031 1497	1031 1034
1032 1498	1032 1035
1033 1499	1033 1036
1035 1501	1035 1037
1036 1502	1036 1038
1037 1503	1037 1038
1038 1505	1038 1040
1039 1506	1039 1041
1040 1508	1040 1042
1041 1509	1041 1043
1042 1510	1042 1043
1043 1512	1043 1045
1044 1513	1044 1045
1045 1514	1045 1046
1046 1516	1046 1048
1047 1517	1047 1048
1048 1518	1048 1049
1049 1520	1049 1050
1050 1521	1050 1051
1051 1523	1051 1052
1052 1524	1052 1053
1053 1525	1053 1054
1054 1527	1054 1055
1055 1528	1055 1056
1056 1529	1056 1057
1057 1531	1057 1058
1058 1532	1058 1059
1059 1534	1059 1060
1060 1535	1060 1061
1061 1536	1061 1062
1062 1538	1062 1063
1063 1539	1063 1064
1064 1540	1064 1064
1065 1542	1065 1066
1066 1543	1066 1067
1067 1544	1067 1067
1068 1546	1068 1069
1069 1547	1069 1069
1070 1549	1070 1071
1071 1550	1071 1071
1072 1551	1072 1072
1073 1553	1073 1074
1074 1554	1074 1074
1075 1555	1075 1075
1076 1557	1076 1076
1078 1558	1078 1077
1079 1559	1079 1078
1080 1561	1080 1079
1081 1562	1081 1080
1082 1563	1082 1081
1083 1565	1083 1082
1084 1566	1084 1083
1085 1568	1085 1084
1086 1569	1086 1085
1087 1570	1087 1086
1088 1572	1088 1087
1089 1573	1089 1088
1090 1574	1090 1088
1091 1576	1091 1090
1092 1577	1092 1091
1093 1578	1093 1091
1094 1580	1094 1093
1095 1581	1095 1093
1096 1582	1096 1094
1097 1584	1097 1095
1098 1585	1098 1096
1099 1586	1099 1097
1100 1588	1100 1098
1101 1589	1101 1099
1102 1591	1102 1100
1103 1592	1103 1101
1104 1593	1104 1102
1105 1595	1105 1103
1106 1596	1106 1104
1107 1597	1107 1105
1108 1599	1108 1106
1109 1600	1109 1107
1110 1601	1110 1108
1111 1603	1111 1109
1112 1604	1112 1110
1113 1605	1113 1110
1114 1607	1114 1112
1115 1608	1115 1113
1116 1609	1116 1113
1117 1611	1117 1115
1118 1612	1118 1115
1119 1613	1119 1116
1121 1615	1121 1118
1122 1616	1122 1118
1123 1617	1123 1119
1124 1619	1124 1120
1125 1620	1125 1121
1126 1621	1126 1122
1127 1623	1127 1123
1128 1624	1128 1124
1129 1626	1129 1125
1130 1627	1130 1126
1131 1628	1131 1127
1132 1630	1132 1128
1133 1631	1133 1129
1134 1632	1134 1130
1135 1634	1135 1131
1136 1635	1136 1132
1137 1636	1137 1133
1138 1638	1138 1134
1139 1639	1139 1135
1140 1640	1140 1135
1141 1642	1141 1137
1142 1643	1142 1138
1143 1644	1143 1138
1144 1646	1144 1140
1145 1647	1145 1140
1146 1648	1146 1141
1147 1650	1147 1143
1148 1651	1148 1143
1149 1652	1149 1144
1150 1654	1150 1146
1151 1655	1151 1146
1152 1656	1152 1147
1153 1658	1153 1148
1154 1659	1154 1149
1155 1660	1155 1150
1156 1662	1156 1151
1157 1663	1157 1152
1158 1664	1158 1153
1159 1666	1159 1154
1160 1667	1160 1155
1161 1668	1161 1156
1162 1670	1162 1157
1164 1671	1164 1158
1165 1672	1165 1159
1166 1674	1166 1160
1167 1675	1167 1161
1168 1676	1168 1161
1169 1678	1169 1163
1170 1679	1170 1164
1171 1680	1171 1164
1172 1682	1172 1166
1173 1683	1173 1167
1174 1684	1174 1167
1175 1686	1175 1169
1176 1687	1176 1169
1177 1688	1177 1170
1178 1690	1178 1172
1179 1691	1179 1172
1180 1692	1180 1173
1181 1693	1181 1174
1182 1695	1182 1175
1183 1696	1183 1176
1184 1697	1184 1177
1185 1699	1185 1178
1186 1700	1186 1179
1187 1701	1187 1180
1188 1703	1188 1181
1189 1704	1189 1182
1190 1705	1190 1183
1191 1707	1191 1184
1192 1708	1192 1185
1193 1709	1193 1185
1194 1711	1194 1187
1195 1712	1195 1188
1196 1713	1196 1188
1197 1715	1197 1190
1198 1716	1198 1191
1199 1717	1199 1191
1200 1719	1200 1193
1201 1720	1201 1194
1202 1721	1202 1194
1203 1723	1203 1196
1204 1724	1204 1196
1205 1725	1205 1197
1207 1726	1207 1198
1208 1728	1208 1199
1209 1729	1209 1200
1210 1730	1210 1201
1211 1732	1211 1202
1212 1733	1212 1203
1213 1734	1213 1204
1214 1736	1214 1205
1215 1737	1215 1206
1216 1738	1216 1207
1217 1740	1217 1208
1218 1741	1218 1209
1219 1742	1219 1210
1220 1744	1220 1211
1221 1745	1221 1212
1222 1746	1222 1213
1223 1747	1223 1213
1224 1749	1224 1215
1225 1750	1225 1216
1226 1751	1226 1216
1227 1753	1227 1218
1228 1754	1228 1219
1229 1755	1229 1219
1230 1757	1230 1221
1231 1758	1231 1222
1232 1759	1232 1222
1233 1761	1233 1224
1234 1762	1234 1224
1235 1763	1235 1225
1236 1764	1236 1226
1237 1766	1237 1227
1238 1767	1238 1228
1239 1768	1239 1229
1240 1770	1240 1230
1241 1771	1241 1231
1242 1772	1242 1232
1243 1774	1243 1233
1244 1775	1244 1234
1245 1776	1245 1235
1246 1778	1246 1236
1247 1779	1247 1237
1248 1780	1248 1238
1249 1781	1249 1239
1251 1783	1251 1240
1252 1784	1252 1241
1253 1785	1253 1242
1254 1787	1254 1243
1255 1788	1255 1244
1256 1789	1256 1245
1257 1790	1257 1245
1258 1792	1258 1247
1259 1793	1259 1248
1260 1794	1260 1248
1261 1796	1261 1250
1262 1797	1262 1251
1263 1798	1263 1251
1264 1800	1264 1253
1265 1801	1265 1254
1266 1802	1266 1254
1267 1803	1267 1255
1268 1805	1268 1257
1269 1806	1269 1257
1270 1807	1270 1258
1271 1809	1271 1260
1272 1810	1272 1260
1273 1811	1273 1261
1274 1813	1274 1263
1275 1814	1275 1263
1276 1815	1276 1264
1277 1816	1277 1265
1278 1818	1278 1266
1279 1819	1279 1267
1280 1820	1280 1268
1281 1822	1281 1269
1282 1823	1282 1270
1283 1824	1283 1271
1284 1825	1284 1272
1285 1827	1285 1273
1286 1828	1286 1274
1287 1829	1287 1275
1288 1831	1288 1276
1289 1832	1289 1277
1290 1833	1290 1278
1291 1834	1291 1279
1292 1836	1292 1280
1294 1837	1294 1281
1295 1838	1295 1282
1296 1840	1296 1283
1297 1841	1297 1284
1298 1842	1298 1285
1299 1843	1299 1285
1300 1845	1300 1287
1301 1846	1301 1288
1302 1847	1302 1288
1303 1849	1303 1290
1304 1850	1304 1291
1305 1851	1305 1291
1306 1852	1306 1292
1307 1854	1307 1294
1308 1855	1308 1294
1309 1856	1309 1295
1310 1857	1310 1296
1311 1859	1311 1298
1312 1860	1312 1298
1313 1861	1313 1299
1314 1863	1314 1301
1315 1864	1315 1301
1316 1865	1316 1302
1317 1866	1317 1303
1318 1868	1318 1304
1319 1869	1319 1305
1320 1870	1320 1306
1321 1872	1321 1308
1322 1873	1322 1308
1323 1874	1323 1309
1324 1875	1324 1310
1325 1877	1325 1311
1326 1878	1326 1312
1327 1879	1327 1313
1328 1880	1328 1314
1329 1882	1329 1315
1330 1883	1330 1316
1331 1884	1331 1317
1332 1886	1332 1318
1333 1887	1333 1319
1334 1888	1334 1320
1335 1889	1335 1321
1337 1891	1337 1322
1338 1892	1338 1323
1339 1893	1339 1324
1340 1894	1340 1324
1341 1896	1341 1326
1342 1897	1342 1327
1343 1898	1343 1328
1344 1899	1344 1328
1345 1901	1345 1330
1346 1902	1346 1331
1347 1903	1347 1331
1348 1905	1348 1333
1349 1906	1349 1334
1350 1907	1350 1335
1351 1908	1351 1335
1352 1910	1352 1337
1353 1911	1353 1338
1354 1912	1354 1338
1355 1913	1355 1339
1356 1915	1356 1341
1357 1916	1357 1342
1358 1917	1358 1342
1359 1918	1359 1343
1360 1920	1360 1345
1361 1921	1361 1345
1362 1922	1362 1346
1363 1923	1363 1347
1364 1925	1364 1349
1365 1926	1365 1349
1366 1927	1366 1350
1367 1929	1367 1352
1368 1930	1368 1353
1369 1931	1369 1353
1370 1932	1370 1354
1371 1934	1371 1356
1372 1935	1372 1356
1373 1936	1373 1357
1374 1937	1374 1358
1375 1939	1375 1360
1376 1940	1376 1360
1377 1941	1377 1361
1378 1942	1378 1362
1380 1944	1380 1364
1381 1945	1381 1364
1382 1946	1382 1365
1383 1947	1383 1366
1384 1949	1384 1367
1385 1950	1385 1368
1386 1951	1386 1369
1387 1952	1387 1370
1388 1954	1388 1371
1389 1955	1389 1372
1390 1956	1390 1373
1391 1957	1391 1374
1392 1959	1392 1375
1393 1960	1393 1376
1394 1961	1394 1377
1395 1962	1395 1378
1396 1964	1396 1379
1397 1965	1397 1380
1398 1966	1398 1381
1399 1967	1399 1382
1400 1969	1400 1383
1401 1970	1401 1384
1402 1971	1402 1385
1403 1972	1403 1386
1404 1974	1404 1387
1405 1975	1405 1388
1406 1976	1406 1389
1407 1977	1407 1390
1408 1979	1408 1391
1409 1980	1409 1392
1410 1981	1410 1393
1411 1982	1411 1394
1412 1983	1412 1394
1413 1985	1413 1396
1414 1986	1414 1397
1415 1987	1415 1398
1416 1988	1416 1398
1417 1990	1417 1400
1418 1991	1418 1401
1419 1992	1419 1402
1420 1993	1420 1402
1421 1995	1421 1404
1423 1996	1423 1405
1424 1997	1424 1406
1425 1998	1425 1406
1426 2000	1426 1408
1427 2001	1427 1409
1428 2002	1428 1410
1429 2003	1429 1410
1430 2005	1430 1412
1431 2006	1431 1413
1432 2007	1432 1414
1433 2008	1433 1415
1434 2009	1434 1415
1435 2011	1435 1417
1436 2012	1436 1418
1437 2013	1437 1419
1438 2014	1438 1419
1439 2016	1439 1421
1440 2017	1440 1422
1441 2018	1441 1423
1442 2019	1442 1423
1443 2021	1443 1425
1444 2022	1444 1426
1445 2023	1445 1427
1446 2024	1446 1427
1447 2025	1447 1428
1448 2027	1448 1430
1449 2028	1449 1431
1450 2029	1450 1432
1451 2030	1451 1432
1452 2032	1452 1434
1453 2033	1453 1435
1454 2034	1454 1436
1455 2035	1455 1436
1456 2036	1456 1437
1457 2038	1457 1439
1458 2039	1458 1440
1459 2040	1459 1440
1460 2041	1460 1441
1461 2043	1461 1443
1462 2044	1462 1444
1463 2045	1463 1445
1464 2046	1464 1445
1466 2047	1466 1446
1467 2049	1467 1448
1468 2050	1468 1449
1469 2051	1469 1449
1470 2052	1470 1450
1471 2054	1471 1452
1472 2055	1472 1453
1473 2056	1473 1454
1474 2057	1474 1454
1475 2058	1475 1455
1476 2060	1476 1457
1477 2061	1477 1458
1478 2062	1478 1459
1479 2063	1479 1459
1480 2064	1480 1460
1481 2066	1481 1462
1482 2067	1482 1463
1483 2068	1483 1463
1484 2069	1484 1464
1485 2071	1485 1466
1486 2072	1486 1467
1487 2073	1487 1468
1488 2074	1488 1468
1489 2075	1489 1469
1490 2077	1490 1471
1491 2078	1491 1472
1492 2079	1492 1473
1493 2080	1493 1473
1494 2081	1494 1474
1495 2083	1495 1476
1496 2084	1496 1477
1497 2085	1497 1478
1498 2086	1498 1478
1499 2088	1499 1480
1500 2089	1500 1481
1501 2090	1501 1482
1502 2091	1502 1483
1503 2092	1503 1483
1504 2094	1504 1485
1505 2095	1505 1486
1506 2096	1506 1487
1507 2097	1507 1488
1509 2098	1509 1488
1510 2100	1510 1490
1511 2101	1511 1491
1512 2102	1512 1492
1513 2103	1513 1493
1514 2104	1514 1493
1515 2106	1515 1495
1516 2107	1516 1496
1517 2108	1517 1497
1518 2109	1518 1498
1519 2110	1519 1498
1520 2112	1520 1500
1521 2113	1521 1501
1522 2114	1522 1502
1523 2115	1523 1503
1524 2116	1524 1503
1525 2118	1525 1505
1526 2119	1526 1506
1527 2120	1527 1507
1528 2121	1528 1508
1529 2122	1529 1509
1530 2124	1530 1510
1531 2125	1531 1511
1532 2126	1532 1512
1533 2127	1533 1513
1534 2128	1534 1514
1535 2130	1535 1515
1536 2131	1536 1516
1537 2132	1537 1517
1538 2133	1538 1518
1539 2134	1539 1519
1540 2135	1540 1520
1541 2137	1541 1521
1542 2138	1542 1522
1543 2139	1543 1523
1544 2140	1544 1524
1545 2141	1545 1525
1546 2143	1546 1526
1547 2144	1547 1527
1548 2145	1548 1528
1549 2146	1549 1529
1550 2147	1550 1530
1552 2149	1552 1531
1553 2150	1553 1532
1554 2151	1554 1533
1555 2152	1555 1534
1556 2153	1556 1535
1557 2154	1557 1536
1558 2156	1558 1537
1559 2157	1559 1538
1560 2158	1560 1539
1561 2159	1561 1540
1562 2160	1562 1541
1563 2162	1563 1543
1564 2163	1564 1543
1565 2164	1565 1544
1566 2165	1566 1545
1567 2166	1567 1546
1568 2167	1568 1547
1569 2169	1569 1549
1570 2170	1570 1549
1571 2171	1571 1550
1572 2172	1572 1551
1573 2173	1573 1552
1574 2175	1574 1554
1575 2176	1575 1555
1576 2177	1576 1555
1577 2178	1577 1556
1578 2179	1578 1557
1579 2180	1579 1558
1580 2182	1580 1560
1581 2183	1581 1561
1582 2184	1582 1562
1583 2185	1583 1562
1584 2186	1584 1563
1585 2187	1585 1564
1586 2189	1586 1566
1587 2190	1587 1567
1588 2191	1588 1568
1589 2192	1589 1568
1590 2193	1590 1569
1591 2195	1591 1571
1592 2196	1592 1572
1593 2197	1593 1573
1595 2198	1595 1574
1596 2199	1596 1575
1597 2200	1597 1575
1598 2202	1598 1577
1599 2203	1599 1578
1600 2204	1600 1579
1601 2205	1601 1580
1602 2206	1602 1581
1603 2207	1603 1582
1604 2209	1604 1583
1605 2210	1605 1584
1606 2211	1606 1585
1607 2212	1607 1586
1608 2213	1608 1587
1609 2214	1609 1588
1610 2216	1610 1589
1611 2217	1611 1590
1612 2218	1612 1591
1613 2219	1613 1592
1614 2220	1614 1593
1615 2221	1615 1594
1616 2222	1616 1595
1617 2224	1617 1596
1618 2225	1618 1597
1619 2226	1619 1598
1620 2227	1620 1599
1621 2228	1621 1600
1622 2229	1622 1601
1623 2231	1623 1603
1624 2232	1624 1604
1625 2233	1625 1604
1626 2234	1626 1605
1627 2235	1627 1606
1628 2236	1628 1607
1629 2238	1629 1609
1630 2239	1630 1610
1631 2240	1631 1611
1632 2241	1632 1612
1633 2242	1633 1612
1634 2243	1634 1613
1635 2244	1635 1614
1636 2246	1636 1616
1637 2247	1637 1617
1639 2248	1639 1618
1640 2249	1640 1619
1641 2250	1641 1620
1642 2251	1642 1620
1643 2253	1643 1622
1644 2254	1644 1623
1645 2255	1645 1624
1646 2256	1646 1625
1647 2257	1647 1626
1648 2258	1648 1627
1649 2259	1649 1628
1650 2261	1650 1629
1651 2262	1651 1630
1652 2263	1652 1631
1653 2264	1653 1632
1654 2265	1654 1633
1655 2266	1655 1634
1656 2267	1656 1635
1657 2269	1657 1637
1658 2270	1658 1637
1659 2271	1659 1638
1660 2272	1660 1639
1661 2273	1661 1640
1662 2274	1662 1641
1663 2275	1663 1642
1664 2277	1664 1644
1665 2278	1665 1645
1666 2279	1666 1646
1667 2280	1667 1646
1668 2281	1668 1647
1669 2282	1669 1648
1670 2283	1670 1649
1671 2285	1671 1651
1672 2286	1672 1652
1673 2287	1673 1653
1674 2288	1674 1654
1675 2289	1675 1655
1676 2290	1676 1655
1677 2291	1677 1656
1678 2293	1678 1658
1679 2294	1679 1659
1680 2295	1680 1660
1682 2296	1682 1661
1683 2297	1683 1662
1684 2298	1684 1663
1685 2299	1685 1664
1686 2300	1686 1665
1687 2302	1687 1666
1688 2303	1688 1667
1689 2304	1689 1668
1690 2305	1690 1669
1691 2306	1691 1670
1692 2307	1692 1671
1693 2308	1693 1672
1694 2310	1694 1674
1695 2311	1695 1675
1696 2312	1696 1676
1697 2313	1697 1676
1698 2314	1698 1677
1699 2315	1699 1678
1700 2316	1700 1679
1701 2317	1701 1680
1702 2319	1702 1682
1703 2320	1703 1683
1704 2321	1704 1684
1705 2322	1705 1685
1706 2323	1706 1686
1707 2324	1707 1687
1708 2325	1708 1687
1709 2326	1709 1688
1710 2328	1710 1690
1711 2329	1711 1691
1712 2330	1712 1692
1713 2331	1713 1693
1714 2332	1714 1694
1715 2333	1715 1695
1716 2334	1716 1696
1717 2335	1717 1697
1718 2336	1718 1698
1719 2338	1719 1700
1720 2339	1720 1700
1721 2340	1721 1701
1722 2341	1722 1702
1723 2342	1723 1703
1725 2343	1725 1704
1726 2344	1726 1705
1727 2345	1727 1706
1728 2347	1728 1708
1729 2348	1729 1709
1730 2349	1730 1710
1731 2350	1731 1711
1732 2351	1732 1712
1733 2352	1733 1713
1734 2353	1734 1713
1735 2354	1735 1714
1736 2355	1736 1715
1737 2357	1737 1717
1738 2358	1738 1718
1739 2359	1739 1719
1740 2360	1740 1720
1741 2361	1741 1721
1742 2362	1742 1722
1743 2363	1743 1723
1744 2364	1744 1724
1745 2365	1745 1725
1746 2367	1746 1727
1747 2368	1747 1728
1748 2369	1748 1728
1749 2370	1749 1729
1750 2371	1750 1730
1751 2372	1751 1731
1752 2373	1752 1732
1753 2374	1753 1733
1754 2375	1754 1734
1755 2377	1755 1736
1756 2378	1756 1737
1757 2379	1757 1738
1758 2380	1758 1739
1759 2381	1759 1740
1760 2382	1760 1741
1761 2383	1761 1742
1762 2384	1762 1743
1763 2385	1763 1744
1764 2386	1764 1745
1765 2388	1765 1746
1766 2389	1766 1747
1768 2390	1768 1748
1769 2391	1769 1749
1770 2392	1770 1750
1771 2393	1771 1751
1772 2394	1772 1752
1773 2395	1773 1753
1774 2396	1774 1754
1775 2397	1775 1755
1776 2399	1776 1757
1777 2400	1777 1758
1778 2401	1778 1759
1779 2402	1779 1760
1780 2403	1780 1761
1781 2404	1781 1762
1782 2405	1782 1763
1783 2406	1783 1764
1784 2407	1784 1765
1785 2408	1785 1765
1786 2409	1786 1766
1787 2411	1787 1768
1788 2412	1788 1769
1789 2413	1789 1770
1790 2414	1790 1771
1791 2415	1791 1772
1792 2416	1792 1773
1793 2417	1793 1774
1794 2418	1794 1775
1795 2419	1795 1776
1796 2420	1796 1777
1797 2421	1797 1778
1798 2423	1798 1780
1799 2424	1799 1781
1800 2425	1800 1782
1801 2426	1801 1783
1802 2427	1802 1784
1803 2428	1803 1785
1804 2429	1804 1786
1805 2430	1805 1787
1806 2431	1806 1788
1807 2432	1807 1789
1808 2433	1808 1790
1809 2434	1809 1791
1811 2436	1811 1792
1812 2437	1812 1793
1813 2438	1813 1794
1814 2439	1814 1795
1815 2440	1815 1796
1816 2441	1816 1797
1817 2442	1817 1798
1818 2443	1818 1799
1819 2444	1819 1800
1820 2445	1820 1801
1821 2446	1821 1802
1822 2447	1822 1803
1823 2448	1823 1804
1824 2450	1824 1806
1825 2451	1825 1807
1826 2452	1826 1808
1827 2453	1827 1809
1828 2454	1828 1810
1829 2455	1829 1811
1830 2456	1830 1812
1831 2457	1831 1813
1832 2458	1832 1814
1833 2459	1833 1815
1834 2460	1834 1816
1835 2461	1835 1817
1836 2462	1836 1818
1837 2463	1837 1819
1838 2465	1838 1821
1839 2466	1839 1822
1840 2467	1840 1823
1841 2468	1841 1824
1842 2469	1842 1825
1843 2470	1843 1826
1844 2471	1844 1827
1845 2472	1845 1828
1846 2473	1846 1829
1847 2474	1847 1830
1848 2475	1848 1831
1849 2476	1849 1832
1850 2477	1850 1833
1851 2478	1851 1834
1852 2479	1852 1835
1854 2481	1854 1837
1855 2482	1855 1838
1856 2483	1856 1839
1857 2484	1857 1840
1858 2485	1858 1841
1859 2486	1859 1842
1860 2487	1860 1843
1861 2488	1861 1844
1862 2489	1862 1845
1863 2490	1863 1846
1864 2491	1864 1847
1865 2492	1865 1848
1866 2493	1866 1849
1867 2494	1867 1850
1868 2495	1868 1851
1869 2496	1869 1852
1870 2497	1870 1853
1871 2499	1871 1855
1872 2500	1872 1856
1873 2501	1873 1857
1874 2502	1874 1858
1875 2503	1875 1859
1876 2504	1876 1860
1877 2505	1877 1861
1878 2506	1878 1862
1879 2507	1879 1863
1880 2508	1880 1864
1881 2509	1881 1865
1882 2510	1882 1866
1883 2511	1883 1867
1884 2512	1884 1868
1885 2513	1885 1869
1886 2514	1886 1870
1887 2515	1887 1871
1888 2516	1888 1872
1889 2517	1889 1873
1890 2519	1890 1875
1891 2520	1891 1876
1892 2521	1892 1877
1893 2522	1893 1878
1894 2523	1894 1879
1895 2524	1895 1880
1897 2525	1897 1881
1898 2526	1898 1882
1899 2527	1899 1883
1900 2528	1900 1884
1901 2529	1901 1885
1902 2530	1902 1886
1903 2531	1903 1887
1904 2532	1904 1888
1905 2533	1905 1889
1906 2534	1906 1890
1907 2535	1907 1891
1908 2536	1908 1892
1909 2537	1909 1893
1910 2538	1910 1894
1911 2539	1911 1895
1912 2540	1912 1896
1913 2541	1913 1897
1914 2543	1914 1899
1915 2544	1915 1900
1916 2545	1916 1901
1917 2546	1917 1902
1918 2547	1918 1903
1919 2548	1919 1904
1920 2549	1920 1905
1921 2550	1921 1906
1922 2551	1922 1907
1923 2552	1923 1908
1924 2553	1924 1909
1925 2554	1925 1910
1926 2555	1926 1911
1927 2556	1927 1912
1928 2557	1928 1913
1929 2558	1929 1914
1930 2559	1930 1915
1931 2560	1931 1917
1932 2561	1932 1918
1933 2562	1933 1919
1934 2563	1934 1920
1935 2564	1935 1921
1936 2565	1936 1922
1937 2566	1937 1923
1938 2567	1938 1924
1940 2568	1940 1925
1941 2569	1941 1926
1942 2570	1942 1927
1943 2571	1943 1928
1944 2572	1944 1929
1945 2573	1945 1930
1946 2574	1946 1931
1947 2575	1947 1932
1948 2577	1948 1934
1949 2578	1949 1935
1950 2579	1950 1936
1951 2580	1951 1937
1952 2581	1952 1938
1953 2582	1953 1939
1954 2583	1954 1940
1955 2584	1955 1941
1956 2585	1956 1942
1957 2586	1957 1943
1958 2587	1958 1945
1959 2588	1959 1946
1960 2589	1960 1947
1961 2590	1961 1948
1962 2591	1962 1949
1963 2592	1963 1950
1964 2593	1964 1951
1965 2594	1965 1952
1966 2595	1966 1953
1967 2596	1967 1954
1968 2597	1968 1955
1969 2598	1969 1956
1970 2599	1970 1957
1971 2600	1971 1958
1972 2601	1972 1959
1973 2602	1973 1960
1974 2603	1974 1961
1975 2604	1975 1962
1976 2605	1976 1963
1977 2606	1977 1964
1978 2607	1978 1966
1979 2608	1979 1967
1980 2609	1980 1968
1981 2610	1981 1969
1983 2611	1983 1970
1984 2612	1984 1971
1985 2613	1985 1972
1986 2614	1986 1973
1987 2615	1987 1974
1988 2616	1988 1975
1989 2617	1989 1976
1990 2618	1990 1977
1991 2619	1991 1978
1992 2620	1992 1979
1993 2621	1993 1980
1994 2622	1994 1981
1995 2623	1995 1982
1996 2624	1996 1984
1997 2625	1997 1985
1998 2626	1998 1986
1999 2627	1999 1987
2000 2628	2000 1988
2001 2629	2001 1989
2002 2630	2002 1990
2003 2631	2003 1991
2004 2632	2004 1992
2005 2633	2005 1993
2006 2634	2006 1994
2007 2635	2007 1995
2008 2636	2008 1996
2009 2637	2009 1997
2010 2638	2010 1998
2011 2639	2011 2000
2012 2640	2012 2001
2013 2641	2013 2002
2014 2642	2014 2003
2015 2643	2015 2004
2016 2644	2016 2005
2017 2645	2017 2006
2018 2646	2018 2007
2019 2647	2019 2008
2020 2648	2020 2009
2021 2649	2021 2010
2022 2650	2022 2011
2023 2651	2023 2012
2024 2652	2024 2014
2026 2653	2026 2015
2027 2654	2027 2016
2028 2655	2028 2017
2029 2656	2029 2018
2030 2657	2030 2019
2031 2658	2031 2020
2032 2659	2032 2021
2033 2660	2033 2022
2034 2661	2034 2023
2035 2662	2035 2024
2036 2663	2036 2025
2037 2664	2037 2027
2038 2665	2038 2028
2039 2666	2039 2029
2040 2667	2040 2030
2041 2668	2041 2031
2042 2669	2042 2032
2043 2670	2043 2033
2044 2671	2044 2034
2045 2672	2045 2035
2046 2673	2046 2036
2047 2674	2047 2037
2048 2675	2048 2039
2049 2676	2049 2040
2050 2677	2050 2041
2051 2678	2051 2042
2052 2679	2052 2043
2053 2680	2053 2044
2054 2681	2054 2045
2055 2682	2055 2046
2056 2683	2056 2047
2057 2684	2057 2048
2058 2685	2058 2049
2059 2686	2059 2051
2060 2687	2060 2052
2061 2688	2061 2053
2062 2688	2062 2053
2063 2689	2063 2054
2064 2690	2064 2055
2065 2691	2065 2056
2066 2692	2066 2057
2067 2693	2067 2058
2068 2694	2068 2059
2070 2695	2070 2060
2071 2696	2071 2062
2072 2697	2072 2063
2073 2698	2073 2064
2074 2699	2074 2065
2075 2700	2075 2066
2076 2701	2076 2067
2077 2702	2077 2068
2078 2703	2078 2069
2079 2704	2079 2070
2080 2705	2080 2071
2081 2706	2081 2073
2082 2707	2082 2074
2083 2708	2083 2075
2084 2709	2084 2076
2085 2710	2085 2077
2086 2711	2086 2078
2087 2712	2087 2079
2088 2713	2088 2080
2089 2714	2089 2081
2090 2715	2090 2083
2091 2716	2091 2084
2092 2717	2092 2085
2093 2718	2093 2086
2094 2719	2094 2087
2095 2719	2095 2087
2096 2720	2096 2088
2097 2721	2097 2089
2098 2722	2098 2090
2099 2723	2099 2092
2100 2724	2100 2093
2101 2725	2101 2094
2102 2726	2102 2095
2103 2727	2103 2096
2104 2728	2104 2097
2105 2729	2105 2098
2106 2730	2106 2099
2107 2731	2107 2100
2108 2732	2108 2102
2109 2733	2109 2103
2110 2734	2110 2104
2111 2735	2111 2105
2113 2736	2113 2106
2114 2737	2114 2107
2115 2738	2115 2108
2116 2739	2116 2109
2117 2740	2117 2111
2118 2741	2118 2112
2119 2741	2119 2112
2120 2742	2120 2113
2121 2743	2121 2114
2122 2744	2122 2115
2123 2745	2123 2116
2124 2746	2124 2117
2125 2747	2125 2119
2126 2748	2126 2120
2127 2749	2127 2121
2128 2750	2128 2122
2129 2751	2129 2123
2130 2752	2130 2124
2131 2753	2131 2125
2132 2754	2132 2126
2133 2755	2133 2128
2134 2756	2134 2129
2135 2757	2135 2130
2136 2758	2136 2131
2137 2759	2137 2132
2138 2760	2138 2133
2139 2760	2139 2133
2140 2761	2140 2134
2141 2762	2141 2136
2142 2763	2142 2137
2143 2764	2143 2138
2144 2765	2144 2139
2145 2766	2145 2140
2146 2767	2146 2141
2147 2768	2147 2142
2148 2769	2148 2144
2149 2770	2149 2145
2150 2771	2150 2146
2151 2772	2151 2147
2152 2773	2152 2148
2153 2774	2153 2149
2154 2775	2154 2150
2156 2775	2156 2150
2157 2776	2157 2152
2158 2777	2158 2153
2159 2778	2159 2154
2160 2779	2160 2155
2161 2780	2161 2156
2162 2781	2162 2157
2163 2782	2163 2158
2164 2783	2164 2160
2165 2784	2165 2161
2166 2785	2166 2162
2167 2786	2167 2163
2168 2787	2168 2164
2169 2788	2169 2165
2170 2789	2170 2167
2171 2790	2171 2168
2172 2790	2172 2168
2173 2791	2173 2169
2174 2792	2174 2170
2175 2793	2175 2171
2176 2794	2176 2172
2177 2795	2177 2174
2178 2796	2178 2175
2179 2797	2179 2176
2180 2798	2180 2177
2181 2799	2181 2178
2182 2800	2182 2179
2183 2801	2183 2180
2184 2802	2184 2182
2185 2802	2185 2182
2186 2803	2186 2183
2187 2804	2187 2184
2188 2805	2188 2185
2189 2806	2189 2186
2190 2807	2190 2187
2191 2808	2191 2189
2192 2809	2192 2190
2193 2810	2193 2191
2194 2811	2194 2192
2195 2812	2195 2193
2196 2813	2196 2195
2197 2814	2197 2196
2199 2814	2199 2196
2200 2815	2200 2197
2201 2816	2201 2198
2202 2817	2202 2199
2203 2818	2203 2200
2204 2819	2204 2202
2205 2820	2205 2203
2206 2821	2206 2204
2207 2822	2207 2205
2208 2823	2208 2206
2209 2824	2209 2207
2210 2825	2210 2209
2211 2825	2211 2209
2212 2826	2212 2210
2213 2827	2213 2211
2214 2828	2214 2212
2215 2829	2215 2213
2216 2830	2216 2214
2217 2831	2217 2216
2218 2832	2218 2217
2219 2833	2219 2218
2220 2834	2220 2219
2221 2835	2221 2220
2222 2836	2222 2222
2223 2836	2223 2222
2224 2837	2224 2223
2225 2838	2225 2224
2226 2839	2226 2225
2227 2840	2227 2226
2228 2841	2228 2228
2229 2842	2229 2229
2230 2843	2230 2230
2231 2844	2231 2231
2232 2845	2232 2232
2233 2845	2233 2232
2234 2846	2234 2233
2235 2847	2235 2235
2236 2848	2236 2236
2237 2849	2237 2237
2238 2850	2238 2238
2239 2851	2239 2239
2240 2852	2240 2241
2242 2853	2242 2242
2243 2854	2243 2243
2244 2855	2244 2244
2245 2855	2245 2244
2246 2856	2246 2245
2247 2857	2247 2247
2248 2858	2248 2248
2249 2859	2249 2249
2250 2860	2250 2250
2251 2861	2251 2251
2252 2862	2252 2253
2253 2863	2253 2254
2254 2863	2254 2254
2255 2864	2255 2255
2256 2865	2256 2256
2257 2866	2257 2257
2258 2867	2258 2259
2259 2868	2259 2260
2260 2869	2260 2261
2261 2870	2261 2262
2262 2871	2262 2263
2263 2872	2263 2265
2264 2872	2264 2265
2265 2873	2265 2266
2266 2874	2266 2267
2267 2875	2267 2268
2268 2876	2268 2269
2269 2877	2269 2271
2270 2878	2270 2272
2271 2879	2271 2273
2272 2880	2272 2274
2273 2880	2273 2274
2274 2881	2274 2276
2275 2882	2275 2277
2276 2883	2276 2278
2277 2884	2277 2279
2278 2885	2278 2280
2279 2886	2279 2282
2280 2887	2280 2283
2281 2888	2281 2284
2282 2888	2282 2284
2283 2889	2283 2285
2285 2890	2285 2286
2286 2891	2286 2288
2287 2892	2287 2289
2288 2893	2288 2290
2289 2894	2289 2291
2290 2895	2290 2293
2291 2895	2291 2293
2292 2896	2292 2294
2293 2897	2293 2295
2294 2898	2294 2296
2295 2899	2295 2297
2296 2900	2296 2299
2297 2901	2297 2300
2298 2902	2298 2301
2299 2903	2299 2302
2300 2903	2300 2302
2301 2904	2301 2304
2302 2905	2302 2305
2303 2906	2303 2306
2304 2907	2304 2307
2305 2908	2305 2308
2306 2909	2306 2310
2307 2910	2307 2311
2308 2910	2308 2311
2309 2911	2309 2312
2310 2912	2310 2313
2311 2913	2311 2315
2312 2914	2312 2316
2313 2915	2313 2317
2314 2916	2314 2318
2315 2917	2315 2320
2316 2917	2316 2320
2317 2918	2317 2321
2318 2919	2318 2322
2319 2920	2319 2323
2320 2921	2320 2324
2321 2922	2321 2326
2322 2923	2322 2327
2323 2923	2323 2327
2324 2924	2324 2328
2325 2925	2325 2329
2326 2926	2326 2331
2328 2927	2328 2332
2329 2928	2329 2333
2330 2929	2330 2334
2331 2930	2331 2336
2332 2930	2332 2336
2333 2931	2333 2337
2334 2932	2334 2338
2335 2933	2335 2339
2336 2934	2336 2341
2337 2935	2337 2342
2338 2936	2338 2343
2339 2936	2339 2343
2340 2937	2340 2344
2341 2938	2341 2346
2342 2939	2342 2347
2343 2940	2343 2348
2344 2941	2344 2349
2345 2942	2345 2351
2346 2942	2346 2351
2347 2943	2347 2352
2348 2944	2348 2353
2349 2945	2349 2354
2350 2946	2350 2356
2351 2947	2351 2357
2352 2948	2352 2358
2353 2948	2353 2358
2354 2949	2354 2359
2355 2950	2355 2361
2356 2951	2356 2362
2357 2952	2357 2363
2358 2953	2358 2364
2359 2954	2359 2366
2360 2954	2360 2366
2361 2955	2361 2367
2362 2956	2362 2368
2363 2957	2363 2369
2364 2958	2364 2371
2365 2959	2365 2372
2366 2960	2366 2373
2367 2960	2367 2373
2368 2961	2368 2374
2369 2962	2369 2376
2371 2963	2371 2377
2372 2964	2372 2378
2373 2965	2373 2380
2374 2966	2374 2381
2375 2966	2375 2381
2376 2967	2376 2382
2377 2968	2377 2383
2378 2969	2378 2385
2379 2970	2379 2386
2380 2971	2380 2387
2381 2971	2381 2387
2382 2972	2382 2388
2383 2973	2383 2390
2384 2974	2384 2391
2385 2975	2385 2392
2386 2976	2386 2394
2387 2977	2387 2395
2388 2977	2388 2395
2389 2978	2389 2396
2390 2979	2390 2397
2391 2980	2391 2399
2392 2981	2392 2400
2393 2982	2393 2401
2394 2982	2394 2401
2395 2983	2395 2402
2396 2984	2396 2404
2397 2985	2397 2405
2398 2986	2398 2406
2399 2987	2399 2408
2400 2987	2400 2408
2401 2988	2401 2409
2402 2989	2402 2410
2403 2990	2403 2411
2404 2991	2404 2413
2405 2992	2405 2414
2406 2992	2406 2414
2407 2993	2407 2415
2408 2994	2408 2417
2409 2995	2409 2418
2410 2996	2410 2419
2411 2997	2411 2420
2412 2997	2412 2420
2414 2998	2414 2422
2415 2999	2415 2423
2416 3000	2416 2424
2417 3001	2417 2426
2418 3002	2418 2427
2419 3002	2419 2427
2420 3003	2420 2428
2421 3004	2421 2429
2422 3005	2422 2431
2423 3006	2423 2432
2424 3007	2424 2433
2425 3007	2425 2433
2426 3008	2426 2435
2427 3009	2427 2436
2428 3010	2428 2437
2429 3011	2429 2438
2430 3012	2430 2440
2431 3012	2431 2440
2432 3013	2432 2441
2433 3014	2433 2442
2434 3015	2434 2444
2435 3016	2435 2445
2436 3017	2436 2446
2437 3017	2437 2446
2438 3018	2438 2448
2439 3019	2439 2449
2440 3020	2440 2450
2441 3021	2441 2451
2442 3021	2442 2451
2443 3022	2443 2453
2444 3023	2444 2454
2445 3024	2445 2455
2446 3025	2446 2457
2447 3026	2447 2458
2448 3026	2448 2458
2449 3027	2449 2459
2450 3028	2450 2461
2451 3029	2451 2462
2452 3030	2452 2463
2453 3030	2453 2463
2454 3031	2454 2465
2455 3032	2455 2466
2457 3033	2457 2467
2458 3034	2458 2468
2459 3035	2459 2470
2460 3035	2460 2470
2461 3036	2461 2471
2462 3037	2462 2472
2463 3038	2463 2474
2464 3039	2464 2475
2465 3039	2465 2475
2466 3040	2466 2476
2467 3041	2467 2478
2468 3042	2468 2479
2469 3043	2469 2480
2470 3044	2470 2482
2471 3044	2471 2482
2472 3045	2472 2483
2473 3046	2473 2484
2474 3047	2474 2486
2475 3048	2475 2487
2476 3048	2476 2487
2477 3049	2477 2488
2478 3050	2478 2490
2479 3051	2479 2491
2480 3052	2480 2492
2481 3052	2481 2492
2482 3053	2482 2494
2483 3054	2483 2495
2484 3055	2484 2496
2485 3056	2485 2497
2486 3056	2486 2497
2487 3057	2487 2499
2488 3058	2488 2500
2489 3059	2489 2501
2490 3060	2490 2503
2491 3060	2491 2503
2492 3061	2492 2504
2493 3062	2493 2505
2494 3063	2494 2507
2495 3064	2495 2508
2496 3064	2496 2508
2497 3065	2497 2509
2498 3066	2498 2511
2499 3067	2499 2512
2501 3068	2501 2513
2502 3068	2502 2513
2503 3069	2503 2515
2504 3070	2504 2516
2505 3071	2505 2517
2506 3072	2506 2519
2507 3072	2507 2519
2508 3073	2508 2520
2509 3074	2509 2521
2510 3075	2510 2523
2511 3076	2511 2524
2512 3076	2512 2524
2513 3077	2513 2525
2514 3078	2514 2527
2515 3079	2515 2528
2516 3080	2516 2530
2517 3080	2517 2530
2518 3081	2518 2531
2519 3082	2519 2532
2520 3083	2520 2534
2521 3084	2521 2535
2522 3084	2522 2535
2523 3085	2523 2536
2524 3086	2524 2538
2525 3087	2525 2539
2526 3087	2526 2539
2527 3088	2527 2540
2528 3089	2528 2542
2529 3090	2529 2543
2530 3091	2530 2544
2531 3091	2531 2544
2532 3092	2532 2546
2533 3093	2533 2547
2534 3094	2534 2548
2535 3095	2535 2550
2536 3095	2536 2550
2537 3096	2537 2551
2538 3097	2538 2552
2539 3098	2539 2554
2540 3099	2540 2555
2541 3099	2541 2555
2542 3100	2542 2557
2544 3101	2544 2558
2545 3102	2545 2559
2546 3102	2546 2559
2547 3103	2547 2561
2548 3104	2548 2562
2549 3105	2549 2563
2550 3106	2550 2565
2551 3106	2551 2565
2552 3107	2552 2566
2553 3108	2553 2567
2554 3109	2554 2569
2555 3109	2555 2569
2556 3110	2556 2570
2557 3111	2557 2572
2558 3112	2558 2573
2559 3113	2559 2574
2560 3113	2560 2574
2561 3114	2561 2576
2562 3115	2562 2577
2563 3116	2563 2578
2564 3116	2564 2578
2565 3117	2565 2580
2566 3118	2566 2581
2567 3119	2567 2582
2568 3120	2568 2584
2569 3120	2569 2584
2570 3121	2570 2585
2571 3122	2571 2587
2572 3123	2572 2588
2573 3123	2573 2588
2574 3124	2574 2589
2575 3125	2575 2591
2576 3126	2576 2592
2577 3126	2577 2592
2578 3127	2578 2593
2579 3128	2579 2595
2580 3129	2580 2596
2581 3130	2581 2598
2582 3130	2582 2598
2583 3131	2583 2599
2584 3132	2584 2600
2585 3133	2585 2602
2587 3133	2587 2602
2588 3134	2588 2603
2589 3135	2589 2604
2590 3136	2590 2606
2591 3136	2591 2606
2592 3137	2592 2607
2593 3138	2593 2609
2594 3139	2594 2610
2595 3140	2595 2611
2596 3140	2596 2611
2597 3141	2597 2613
2598 3142	2598 2614
2599 3143	2599 2616
2600 3143	2600 2616
2601 3144	2601 2617
2602 3145	2602 2618
2603 3146	2603 2620
2604 3146	2604 2620
2605 3147	2605 2621
2606 3148	2606 2622
2607 3149	2607 2624
2608 3149	2608 2624
2609 3150	2609 2625
2610 3151	2610 2627
2611 3152	2611 2628
2612 3152	2612 2628
2613 3153	2613 2629
2614 3154	2614 2631
2615 3155	2615 2632
2616 3155	2616 2632
2617 3156	2617 2634
2618 3157	2618 2635
2619 3158	2619 2636
2620 3158	2620 2636
2621 3159	2621 2638
2622 3160	2622 2639
2623 3161	2623 2641
2624 3161	2624 2641
2625 3162	2625 2642
2626 3163	2626 2643
2627 3164	2627 2645
2628 3165	2628 2646
2630 3165	2630 2646
2631 3166	2631 2648
2632 3167	2632 2649
2633 3168	2633 2650
2634 3168	2634 2650
2635 3169	2635 2652
2636 3170	2636 2653
2637 3171	2637 2655
2638 3171	2638 2655
2639 3172	2639 2656
2640 3173	2640 2658
2641 3173	2641 2658
2642 3174	2642 2659
2643 3175	2643 2660
2644 3176	2644 2662
2645 3176	2645 2662
2646 3177	2646 2663
2647 3178	2647 2665
2648 3179	2648 2666
2649 3179	2649 2666
2650 3180	2650 2667
2651 3181	2651 2669
2652 3182	2652 2670
2653 3182	2653 2670
2654 3183	2654 2672
2655 3184	2655 2673
2656 3185	2656 2674
2657 3185	2657 2674
2658 3186	2658 2676
2659 3187	2659 2677
2660 3188	2660 2679
2661 3188	2661 2679
2662 3189	2662 2680
2663 3190	2663 2682
2664 3191	2664 2683
2665 3191	2665 2683
2666 3192	2666 2684
2667 3193	2667 2686
2668 3194	2668 2687
2669 3194	2669 2687
2670 3195	2670 2689
2671 3196	2671 2690
2673 3196	2673 2690
2674 3197	2674 2692
2675 3198	2675 2693
2676 3199	2676 2694
2677 3199	2677 2694
2678 3200	2678 2696
2679 3201	2679 2697
2680 3202	2680 2699
2681 3202	2681 2699
2682 3203	2682 2700
2683 3204	2683 2702
2684 3205	2684 2703
2685 3205	2685 2703
2686 3206	2686 2704
2687 3207	2687 2706
2688 3207	2688 2706
2689 3208	2689 2707
2690 3209	2690 2709
2691 3210	2691 2710
2692 3210	2692 2710
2693 3211	2693 2712
2694 3212	2694 2713
2695 3213	2695 2714
2696 3213	2696 2714
2697 3214	2697 2716
2698 3215	2698 2717
2699 3215	2699 2717
2700 3216	2700 2719
2701 3217	2701 2720
2702 3218	2702 2722
2703 3218	2703 2722
2704 3219	2704 2723
2705 3220	2705 2725
2706 3221	2706 2726
2707 3221	2707 2726
2708 3222	2708 2727
2709 3223	2709 2729
2710 3223	2710 2729
2711 3224	2711 2730
2712 3225	2712 2732
2713 3226	2713 2733
2714 3226	2714 2733
2716 3227	2716 2735
2717 3228	2717 2736
2718 3228	2718 2736
2719 3229	2719 2738
2720 3230	2720 2739
2721 3231	2721 2740
2722 3231	2722 2740
2723 3232	2723 2742
2724 3233	2724 2743
2725 3234	2725 2745
2726 3234	2726 2745
2727 3235	2727 2746
2728 3236	2728 2748
2729 3236	2729 2748
2730 3237	2730 2749
2731 3238	2731 2751
2732 3239	2732 2752
2733 3239	2733 2752
2734 3240	2734 2754
2735 3241	2735 2755
2736 3241	2736 2755
2737 3242	2737 2757
2738 3243	2738 2758
2739 3244	2739 2759
2740 3244	2740 2759
2741 3245	2741 2761
2742 3246	2742 2762
2743 3246	2743 2762
2744 3247	2744 2764
2745 3248	2745 2765
2746 3249	2746 2767
2747 3249	2747 2767
2748 3250	2748 2768
2749 3251	2749 2770
2750 3251	2750 2770
2751 3252	2751 2771
2752 3253	2752 2773
2753 3253	2753 2773
2754 3254	2754 2774
2755 3255	2755 2776
2756 3256	2756 2777
2757 3256	2757 2777
2759 3257	2759 2779
2760 3258	2760 2780
2761 3258	2761 2780
2762 3259	2762 2781
2763 3260	2763 2783
2764 3261	2764 2784
2765 3261	2765 2784
2766 3262	2766 2786
2767 3263	2767 2787
2768 3263	2768 2787
2769 3264	2769 2789
2770 3265	2770 2790
2771 3265	2771 2790
2772 3266	2772 2792
2773 3267	2773 2793
2774 3268	2774 2795
2775 3268	2775 2795
2776 3269	2776 2796
2777 3270	2777 2798
2778 3270	2778 2798
2779 3271	2779 2799
2780 3272	2780 2801
2781 3272	2781 2801
2782 3273	2782 2802
2783 3274	2783 2804
2784 3275	2784 2805
2785 3275	2785 2805
2786 3276	2786 2807
2787 3277	2787 2808
2788 3277	2788 2808
2789 3278	2789 2810
2790 3279	2790 2811
2791 3279	2791 2811
2792 3280	2792 2813
2793 3281	2793 2814
2794 3282	2794 2816
2795 3282	2795 2816
2796 3283	2796 2817
2797 3284	2797 2819
2798 3284	2798 2819
2799 3285	2799 2820
2800 3286	2800 2822
2802 3286	2802 2822
2803 3287	2803 2823
2804 3288	2804 2825
2805 3288	2805 2825
2806 3289	2806 2826
2807 3290	2807 2828
2808 3290	2808 2828
2809 3291	2809 2829
2810 3292	2810 2831
2811 3293	2811 2832
2812 3293	2812 2832
2813 3294	2813 2834
2814 3295	2814 2835
2815 3295	2815 2835
2816 3296	2816 2837
2817 3297	2817 2838
2818 3297	2818 2838
2819 3298	2819 2840
2820 3299	2820 2841
2821 3299	2821 2841
2822 3300	2822 2843
2823 3301	2823 2844
2824 3301	2824 2844
2825 3302	2825 2846
2826 3303	2826 2847
2827 3304	2827 2849
2828 3304	2828 2849
2829 3305	2829 2850
2830 3306	2830 2852
2831 3306	2831 2852
2832 3307	2832 2853
2833 3308	2833 2855
2834 3308	2834 2855
2835 3309	2835 2856
2836 3310	2836 2858
2837 3310	2837 2858
2838 3311	2838 2859
2839 3312	2839 2861
2840 3312	2840 2861
2841 3313	2841 2862
2842 3314	2842 2864
2843 3314	2843 2864
2845 3315	2845 2865
2846 3316	2846 2867
2847 3316	2847 2867
2848 3317	2848 2868
2849 3318	2849 2870
2850 3318	2850 2870
2851 3319	2851 2871
2852 3320	2852 2873
2853 3321	2853 2874
2854 3321	2854 2874
2855 3322	2855 2876
2856 3323	2856 2877
2857 3323	2857 2877
2858 3324	2858 2879
2859 3325	2859 2880
2860 3325	2860 2880
2861 3326	2861 2882
2862 3327	2862 2883
2863 3327	2863 2883
2864 3328	2864 2885
2865 3329	2865 2886
2866 3329	2866 2886
2867 3330	2867 2888
2868 3331	2868 2890
2869 3331	2869 2890
2870 3332	2870 2891
2871 3333	2871 2893
2872 3333	2872 2893
2873 3334	2873 2894
2874 3335	2874 2896
2875 3335	2875 2896
2876 3336	2876 2897
2877 3337	2877 2899
2878 3337	2878 2899
2879 3338	2879 2900
2880 3339	2880 2902
2881 3339	2881 2902
2882 3340	2882 2903
2883 3341	2883 2905
2884 3341	2884 2905
2885 3342	2885 2906
2886 3343	2886 2908
2887 3343	2887 2908
2889 3344	2889 2910
2890 3345	2890 2911
2891 3345	2891 2911
2892 3346	2892 2913
2893 3347	2893 2914
2894 3347	2894 2914
2895 3348	2895 2916
2896 3349	2896 2917
2897 3349	2897 2917
2898 3350	2898 2919
2899 3351	2899 2920
2900 3351	2900 2920
2901 3352	2901 2922
2902 3353	2902 2923
2903 3353	2903 2923
2904 3354	2904 2925
2905 3355	2905 2926
2906 3355	2906 2926
2907 3356	2907 2928
2908 3357	2908 2930
2909 3357	2909 2930
2910 3358	2910 2931
2911 3358	2911 2931
2912 3359	2912 2933
2913 3360	2913 2934
2914 3360	2914 2934
2915 3361	2915 2936
2916 3362	2916 2937
2917 3362	2917 2937
2918 3363	2918 2939
2919 3364	2919 2940
2920 3364	2920 2940
2921 3365	2921 2942
2922 3366	2922 2944
2923 3366	2923 2944
2924 3367	2924 2945
2925 3368	2925 2947
2926 3368	2926 2947
2927 3369	2927 2948
2928 3370	2928 2950
2929 3370	2929 2950
2930 3371	2930 2951
2932 3372	2932 2953
2933 3372	2933 2953
2934 3373	2934 2954
2935 3374	2935 2956
2936 3374	2936 2956
2937 3375	2937 2958
2938 3375	2938 2958
2939 3376	2939 2959
2940 3377	2940 2961
2941 3377	2941 2961
2942 3378	2942 2962
2943 3379	2943 2964
2944 3379	2944 2964
2945 3380	2945 2965
2946 3381	2946 2967
2947 3381	2947 2967
2948 3382	2948 2969
2949 3383	2949 2970
2950 3383	2950 2970
2951 3384	2951 2972
2952 3385	2952 2973
2953 3385	2953 2973
2954 3386	2954 2975
2955 3386	2955 2975
2956 3387	2956 2976
2957 3388	2957 2978
2958 3388	2958 2978
2959 3389	2959 2980
2960 3390	2960 2981
2961 3390	2961 2981
2962 3391	2962 2983
2963 3392	2963 2984
2964 3392	2964 2984
2965 3393	2965 2986
2966 3394	2966 2987
2967 3394	2967 2987
2968 3395	2968 2989
2969 3395	2969 2989
2970 3396	2970 2991
2971 3397	2971 2992
2972 3397	2972 2992
2973 3398	2973 2994
2975 3399	2975 2995
2976 3399	2976 2995
2977 3400	2977 2997
2978 3401	2978 2999
2979 3401	2979 2999
2980 3402	2980 3000
2981 3402	2981 3000
2982 3403	2982 3002
2983 3404	2983 3003
2984 3404	2984 3003
2985 3405	2985 3005
2986 3406	2986 3006
2987 3406	2987 3006
2988 3407	2988 3008
2989 3408	2989 3010
2990 3408	2990 3010
2991 3409	2991 3011
2992 3409	2992 3011
2993 3410	2993 3013
2994 3411	2994 3014
2995 3411	2995 3014
2996 3412	2996 3016
2997 3413	2997 3018
2998 3413	2998 3018
2999 3414	2999 3019
3000 3414	3000 3019
3001 3415	3001 3021
3002 3416	3002 3022
3003 3416	3003 3022
3004 3417	3004 3024
3005 3418	3005 3026
3006 3418	3006 3026
3007 3419	3007 3027
3008 3420	3008 3029
3009 3420	3009 3029
3010 3421	3010 3030
3011 3421	3011 3030
3012 3422	3012 3032
3013 3423	3013 3034
3014 3423	3014 3034
3015 3424	3015 3035
3016 3425	3016 3037
3018 3425	3018 3037
3019 3426	3019 3038
3020 3426	3020 3038
3021 3427	3021 3040
3022 3428	3022 3042
3023 3428	3023 3042
3024 3429	3024 3043
3025 3430	3025 3045
3026 3430	3026 3045
3027 3431	3027 3046
3028 3431	3028 3046
3029 3432	3029 3048
3030 3433	3030 3050
3031 3433	3031 3050
3032 3434	3032 3051
3033 3435	3033 3053
3034 3435	3034 3053
3035 3436	3035 3055
3036 3436	3036 3055
3037 3437	3037 3056
3038 3438	3038 3058
3039 3438	3039 3058
3040 3439	3040 3059
3041 3439	3041 3059
3042 3440	3042 3061
3043 3441	3043 3063
3044 3441	3044 3063
3045 3442	3045 3064
3046 3443	3046 3066
3047 3443	3047 3066
3048 3444	3048 3067
3049 3444	3049 3067
3050 3445	3050 3069
3051 3446	3051 3071
3052 3446	3052 3071
3053 3447	3053 3072
3054 3448	3054 3074
3055 3448	3055 3074
3056 3449	3056 3076
3057 3449	3057 3076
3058 3450	3058 3077
3059 3451	3059 3079
3061 3451	3061 3079
3062 3452	3062 3080
3063 3452	3063 3080
3064 3453	3064 3082
3065 3454	3065 3084
3066 3454	3066 3084
3067 3455	3067 3085
3068 3455	3068 3085
3069 3456	3069 3087
3070 3457	3070 3089
3071 3457	3071 3089
3072 3458	3072 3090
3073 3459	3073 3092
3074 3459	3074 3092
3075 3460	3075 3094
3076 3460	3076 3094
3077 3461	3077 3095
3078 3462	3078 3097
3079 3462	3079 3097
3080 3463	3080 3098
3081 3463	3081 3098
3082 3464	3082 3100
3083 3465	3083 3102
3084 3465	3084 3102
3085 3466	3085 3103
3086 3466	3086 3103
3087 3467	3087 3105
3088 3468	3088 3107
3089 3468	3089 3107
3090 3469	3090 3108
3091 3469	3091 3108
3092 3470	3092 3110
3093 3471	3093 3112
3094 3471	3094 3112
3095 3472	3095 3113
3096 3473	3096 3115
3097 3473	3097 3115
3098 3474	3098 3116
3099 3474	3099 3116
3100 3475	3100 3118
3101 3476	3101 3120
3102 3476	3102 3120
3104 3477	3104 3121
3105 3477	3105 3121
3106 3478	3106 3123
3107 3479	3107 3125
3108 3479	3108 3125
3109 3480	3109 3126
3110 3480	3110 3126
3111 3481	3111 3128
3112 3482	3112 3130
3113 3482	3113 3130
3114 3483	3114 3131
3115 3483	3115 3131
3116 3484	3116 3133
3117 3485	3117 3135
3118 3485	3118 3135
3119 3486	3119 3136
3120 3486	3120 3136
3121 3487	3121 3138
3122 3488	3122 3140
3123 3488	3123 3140
3124 3489	3124 3141
3125 3489	3125 3141
3126 3490	3126 3143
3127 3491	3127 3145
3128 3491	3128 3145
3129 3492	3129 3146
3130 3492	3130 3146
3131 3493	3131 3148
3132 3494	3132 3150
3133 3494	3133 3150
3134 3495	3134 3151
3135 3495	3135 3151
3136 3496	3136 3153
3137 3497	3137 3155
3138 3497	3138 3155
3139 3498	3139 3156
3140 3498	3140 3156
3141 3499	3141 3158
3142 3499	3142 3158
3143 3500	3143 3160
3144 3501	3144 3161
3145 3501	3145 3161
3147 3502	3147 3163
3148 3502	3148 3163
3149 3503	3149 3165
3150 3504	3150 3166
3151 3504	3151 3166
3152 3505	3152 3168
3153 3505	3153 3168
3154 3506	3154 3170
3155 3507	3155 3171
3156 3507	3156 3171
3157 3508	3157 3173
3158 3508	3158 3173
3159 3509	3159 3175
3160 3510	3160 3176
3161 3510	3161 3176
3162 3511	3162 3178
3163 3511	3163 3178
3164 3512	3164 3180
3165 3512	3165 3180
3166 3513	3166 3181
3167 3514	3167 3183
3168 3514	3168 3183
3169 3515	3169 3185
3170 3515	3170 3185
3171 3516	3171 3186
3172 3517	3172 3188
3173 3517	3173 3188
3174 3518	3174 3190
3175 3518	3175 3190
3176 3519	3176 3191
3177 3519	3177 3191
3178 3520	3178 3193
3179 3521	3179 3195
3180 3521	3180 3195
3181 3522	3181 3196
3182 3522	3182 3196
3183 3523	3183 3198
3184 3524	3184 3200
3185 3524	3185 3200
3186 3525	3186 3201
3187 3525	3187 3201
3188 3526	3188 3203
3190 3526	3190 3203
3191 3527	3191 3205
3192 3528	3192 3207
3193 3528	3193 3207
3194 3529	3194 3208
3195 3529	3195 3208
3196 3530	3196 3210
3197 3531	3197 3212
3198 3531	3198 3212
3199 3532	3199 3213
3200 3532	3200 3213
3201 3533	3201 3215
3202 3533	3202 3215
3203 3534	3203 3217
3204 3535	3204 3218
3205 3535	3205 3218
3206 3536	3206 3220
3207 3536	3207 3220
3208 3537	3208 3222
3209 3538	3209 3224
3210 3538	3210 3224
3211 3539	3211 3225
3212 3539	3212 3225
3213 3540	3213 3227
3214 3540	3214 3227
3215 3541	3215 3229
3216 3542	3216 3230
3217 3542	3217 3230
3218 3543	3218 3232
3219 3543	3219 3232
3220 3544	3220 3234
3221 3544	3221 3234
3222 3545	3222 3235
3223 3546	3223 3237
3224 3546	3224 3237
3225 3547	3225 3239
3226 3547	3226 3239
3227 3548	3227 3241
3228 3548	3228 3241
3229 3549	3229 3242
3230 3550	3230 3244
3231 3550	3231 3244
3233 3551	3233 3246
3234 3551	3234 3246
3235 3552	3235 3247
3236 3552	3236 3247
3237 3553	3237 3249
3238 3554	3238 3251
3239 3554	3239 3251
3240 3555	3240 3253
3241 3555	3241 3253
3242 3556	3242 3254
3243 3556	3243 3254
3244 3557	3244 3256
3245 3558	3245 3258
3246 3558	3246 3258
3247 3559	3247 3259
3248 3559	3248 3259
3249 3560	3249 3261
3250 3560	3250 3261
3251 3561	3251 3263
3252 3562	3252 3265
3253 3562	3253 3265
3254 3563	3254 3266
3255 3563	3255 3266
3256 3564	3256 3268
3257 3564	3257 3268
3258 3565	3258 3270
3259 3566	3259 3271
3260 3566	3260 3271
3261 3567	3261 3273
3262 3567	3262 3273
3263 3568	3263 3275
3264 3568	3264 3275
3265 3569	3265 3277
3266 3569	3266 3277
3267 3570	3267 3278
3268 3571	3268 3280
3269 3571	3269 3280
3270 3572	3270 3282
3271 3572	3271 3282
3272 3573	3272 3284
3273 3573	3273 3284
3274 3574	3274 3285
3276 3575	3276 3287
3277 3575	3277 3287
3278 3576	3278 3289
3279 3576	3279 3289
3280 3577	3280 3290
3281 3577	3281 3290
3282 3578	3282 3292
3283 3578	3283 3292
3284 3579	3284 3294
3285 3580	3285 3296
3286 3580	3286 3296
3287 3581	3287 3297
3288 3581	3288 3297
3289 3582	3289 3299
3290 3582	3290 3299
3291 3583	3291 3301
3292 3584	3292 3303
3293 3584	3293 3303
3294 3585	3294 3304
3295 3585	3295 3304
3296 3586	3296 3306
3297 3586	3297 3306
3298 3587	3298 3308
3299 3587	3299 3308
3300 3588	3300 3310
3301 3589	3301 3311
3302 3589	3302 3311
3303 3590	3303 3313
3304 3590	3304 3313
3305 3591	3305 3315
3306 3591	3306 3315
3307 3592	3307 3317
3308 3592	3308 3317
3309 3593	3309 3318
3310 3594	3310 3320
3311 3594	3311 3320
3312 3595	3312 3322
3313 3595	3313 3322
3314 3596	3314 3324
3315 3596	3315 3324
3316 3597	3316 3325
3317 3597	3317 3325
3318 3598	3318 3327
3320 3599	3320 3329
3321 3599	3321 3329
3322 3600	3322 3331
3323 3600	3323 3331
3324 3601	3324 3332
3325 3601	3325 3332
3326 3602	3326 3334
3327 3602	3327 3334
3328 3603	3328 3336
3329 3604	3329 3338
3330 3604	3330 3338
3331 3605	3331 3339
3332 3605	3332 3339
3333 3606	3333 3341
3334 3606	3334 3341
3335 3607	3335 3343
3336 3607	3336 3343
3337 3608	3337 3345
3338 3608	3338 3345
3339 3609	3339 3346
3340 3610	3340 3348
3341 3610	3341 3348
3342 3611	3342 3350
3343 3611	3343 3350
3344 3612	3344 3352
3345 3612	3345 3352
3346 3613	3346 3353
3347 3613	3347 3353
3348 3614	3348 3355
3349 3615	3349 3357
3350 3615	3350 3357
3351 3616	3351 3359
3352 3616	3352 3359
3353 3617	3353 3361
3354 3617	3354 3361
3355 3618	3355 3362
3356 3618	3356 3362
3357 3619	3357 3364
3358 3619	3358 3364
3359 3620	3359 3366
3360 3621	3360 3368
3361 3621	3361 3368
3363 3622	3363 3369
3364 3622	3364 3369
3365 3623	3365 3371
3366 3623	3366 3371
3367 3624	3367 3373
3368 3624	3368 3373
3369 3625	3369 3375
3370 3625	3370 3375
3371 3626	3371 3376
3372 3627	3372 3378
3373 3627	3373 3378
3374 3628	3374 3380
3375 3628	3375 3380
3376 3629	3376 3382
3377 3629	3377 3382
3378 3630	3378 3384
3379 3630	3379 3384
3380 3631	3380 3385
3381 3631	3381 3385
3382 3632	3382 3387
3383 3633	3383 3389
3384 3633	3384 3389
3385 3634	3385 3391
3386 3634	3386 3391
3387 3635	3387 3393
3388 3635	3388 3393
3389 3636	3389 3394
3390 3636	3390 3394
3391 3637	3391 3396
3392 3637	3392 3396
3393 3638	3393 3398
3394 3638	3394 3398
3395 3639	3395 3400
3396 3640	3396 3401
3397 3640	3397 3401
3398 3641	3398 3403
3399 3641	3399 3403
3400 3642	3400 3405
3401 3642	3401 3405
3402 3643	3402 3407
3403 3643	3403 3407
3404 3644	3404 3409
3406 3644	3406 3409
3407 3645	3407 3410
3408 3645	3408 3410
3409 3646	3409 3412
3410 3647	3410 3414
3411 3647	3411 3414
3412 3648	3412 3416
3413 3648	3413 3416
3414 3649	3414 3418
3415 3649	3415 3418
3416 3650	3416 3419
3417 3650	3417 3419
3418 3651	3418 3421
3419 3651	3419 3421
3420 3652	3420 3423
3421 3652	3421 3423
3422 3653	3422 3425
3423 3654	3423 3427
3424 3654	3424 3427
3425 3655	3425 3428
3426 3655	3426 3428
3427 3656	3427 3430
3428 3656	3428 3430
3429 3657	3429 3432
3430 3657	3430 3432
3431 3658	3431 3434
3432 3658	3432 3434
3433 3659	3433 3436
3434 3659	3434 3436
3435 3660	3435 3437
3436 3660	3436 3437
3437 3661	3437 3439
3438 3662	3438 3441
3439 3662	3439 3441
3440 3663	3440 3443
3441 3663	3441 3443
3442 3664	3442 3445
3443 3664	3443 3445
3444 3665	3444 3446
3445 3665	3445 3446
3446 3666	3446 3448
3447 3666	3447 3448
3449 3667	3449 3450
3450 3667	3450 3450
3451 3668	3451 3452
3452 3668	3452 3452
3453 3669	3453 3454
3454 3670	3454 3456
3455 3670	3455 3456
3456 3671	3456 3457
3457 3671	3457 3457
3458 3672	3458 3459
3459 3672	3459 3459
3460 3673	3460 3461
3461 3673	3461 3461
3462 3674	3462 3463
3463 3674	3463 3463
3464 3675	3464 3465
3465 3675	3465 3465
3466 3676	3466 3466
3467 3676	3467 3466
3468 3677	3468 3468
3469 3677	3469 3468
3470 3678	3470 3470
3471 3679	3471 3472
3472 3679	3472 3472
3473 3680	3473 3474
3474 3680	3474 3474
3475 3681	3475 3476
3476 3681	3476 3476
3477 3682	3477 3477
3478 3682	3478 3477
3479 3683	3479 3479
3480 3683	3480 3479
3481 3684	3481 3481
3482 3684	3482 3481
3483 3685	3483 3483
3484 3685	3484 3483
3485 3686	3485 3485
3486 3686	3486 3485
3487 3687	3487 3487
3488 3687	3488 3487
3489 3688	3489 3488
3490 3689	3490 3490
3492 3689	3492 3490
3493 3690	3493 3492
3494 3690	3494 3492
3495 3691	3495 3494
3496 3691	3496 3494
3497 3692	3497 3496
3498 3692	3498 3496
3499 3693	3499 3498
3500 3693	3500 3498
3501 3694	3501 3499
3502 3694	3502 3499
3503 3695	3503 3501
3504 3695	3504 3501
3505 3696	3505 3503
3506 3696	3506 3503
3507 3697	3507 3505
3508 3697	3508 3505
3509 3698	3509 3507
3510 3698	3510 3507
3511 3699	3511 3509
3512 3700	3512 3510
3513 3700	3513 3510
3514 3701	3514 3512
3515 3701	3515 3512
3516 3702	3516 3514
3517 3702	3517 3514
3518 3703	3518 3516
3519 3703	3519 3516
3520 3704	3520 3518
3521 3704	3521 3518
3522 3705	3522 3520
3523 3705	3523 3520
3524 3706	3524 3522
3525 3706	3525 3522
3526 3707	3526 3523
3527 3707	3527 3523
3528 3708	3528 3525
3529 3708	3529 3525
3530 3709	3530 3527
3531 3709	3531 3527
3532 3710	3532 3529
3533 3710	3533 3529
3535 3711	3535 3531
3536 3711	3536 3531
3537 3712	3537 3533
3538 3713	3538 3535
3539 3713	3539 3535
3540 3714	3540 3536
3541 3714	3541 3536
3542 3715	3542 3538
3543 3715	3543 3538
3544 3716	3544 3540
3545 3716	3545 3540
3546 3717	3546 3542
3547 3717	3547 3542
3548 3718	3548 3544
3549 3718	3549 3544
3550 3719	3550 3546
3551 3719	3551 3546
3552 3720	3552 3548
3553 3720	3553 3548
3554 3721	3554 3549
3555 3721	3555 3549
3556 3722	3556 3551
3557 3722	3557 3551
3558 3723	3558 3553
3559 3723	3559 3553
3560 3724	3560 3555
3561 3724	3561 3555
3562 3725	3562 3557
3563 3725	3563 3557
3564 3726	3564 3559
3565 3726	3565 3559
3566 3727	3566 3561
3567 3727	3567 3561
3568 3728	3568 3562
3569 3729	3569 3564
3570 3729	3570 3564
3571 3730	3571 3566
3572 3730	3572 3566
3573 3731	3573 3568
3574 3731	3574 3568
3575 3732	3575 3570
3576 3732	3576 3570
3578 3733	3578 3572
3579 3733	3579 3572
3580 3734	3580 3574
3581 3734	3581 3574
3582 3735	3582 3576
3583 3735	3583 3576
3584 3736	3584 3577
3585 3736	3585 3577
3586 3737	3586 3579
3587 3737	3587 3579
3588 3738	3588 3581
3589 3738	3589 3581
3590 3739	3590 3583
3591 3739	3591 3583
3592 3740	3592 3585
3593 3740	3593 3585
3594 3741	3594 3587
3595 3741	3595 3587
3596 3742	3596 3589
3597 3742	3597 3589
3598 3743	3598 3591
3599 3743	3599 3591
3600 3744	3600 3592
3601 3744	3601 3592
3602 3745	3602 3594
3603 3745	3603 3594
3604 3746	3604 3596
3605 3746	3605 3596
3606 3747	3606 3598
3607 3747	3607 3598
3608 3748	3608 3600
3609 3749	3609 3602
3610 3749	3610 3602
3611 3750	3611 3604
3612 3750	3612 3604
3613 3751	3613 3606
3614 3751	3614 3606
3615 3752	3615 3608
3616 3752	3616 3608
3617 3753	3617 3609
3618 3753	3618 3609
3619 3754	3619 3611
3621 3754	3621 3611
3622 3755	3622 3613
3623 3755	3623 3613
3624 3756	3624 3615
3625 3756	3625 3615
3626 3757	3626 3617
3627 3757	3627 3617
3628 3758	3628 3619
3629 3758	3629 3619
3630 3759	3630 3621
3631 3759	3631 3621
3632 3760	3632 3623
3633 3760	3633 3623
3634 3761	3634 3625
3635 3761	3635 3625
3636 3762	3636 3627
3637 3762	3637 3627
3638 3763	3638 3628
3639 3763	3639 3628
3640 3764	3640 3630
3641 3764	3641 3630
3642 3765	3642 3632
3643 3765	3643 3632
3644 3766	3644 3634
3645 3766	3645 3634
3646 3767	3646 3636
3647 3767	3647 3636
3648 3768	3648 3638
3649 3768	3649 3638
3650 3769	3650 3640
3651 3769	3651 3640
3652 3770	3652 3642
3653 3770	3653 3642
3654 3771	3654 3644
3655 3771	3655 3644
3656 3772	3656 3646
3657 3772	3657 3646
3658 3773	3658 3648
3659 3773	3659 3648
3660 3774	3660 3649
3661 3774	3661 3649
3662 3775	3662 3651
3664 3775	3664 3651
3665 3776	3665 3653
3666 3776	3666 3653
3667 3777	3667 3655
3668 3777	3668 3655
3669 3778	3669 3657
3670 3778	3670 3657
3671 3779	3671 3659
3672 3779	3672 3659
3673 3780	3673 3661
3674 3780	3674 3661
3675 3781	3675 3663
3676 3781	3676 3663
3677 3782	3677 3665
3678 3782	3678 3665
3679 3783	3679 3667
3680 3783	3680 3667
3681 3784	3681 3669
3682 3784	3682 3669
3683 3785	3683 3671
3684 3785	3684 3671
3685 3786	3685 3672
3686 3786	3686 3672
3687 3787	3687 3674
3688 3787	3688 3674
3689 3788	3689 3676
3690 3789	3690 3678
3691 3789	3691 3678
3692 3790	3692 3680
3693 3790	3693 3680
3694 3791	3694 3682
3695 3791	3695 3682
3696 3792	3696 3684
3697 3792	3697 3684
3698 3793	3698 3686
3699 3793	3699 3686
3700 3794	3700 3688
3701 3794	3701 3688
3702 3795	3702 3690
3703 3795	3703 3690
3704 3796	3704 3692
3705 3796	3705 3692
3706 3797	3706 3694
3708 3797	3708 3694
3709 3798	3709 3696
3710 3798	3710 3696
3711 3799	3711 3698
3712 3799	3712 3698
3713 3800	3713 3700
3714 3800	3714 3700
3715 3801	3715 3701
3716 3801	3716 3701
3717 3802	3717 3703
3718 3802	3718 3703
3719 3803	3719 3705
3720 3803	3720 3705
3721 3804	3721 3707
3722 3804	3722 3707
3723 3805	3723 3709
3724 3805	3724 3709
3725 3806	3725 3711
3726 3806	3726 3711
3727 3807	3727 3713
3728 3807	3728 3713
3729 3808	3729 3715
3730 3808	3730 3715
3731 3809	3731 3717
3732 3809	3732 3717
3733 3810	3733 3719
3734 3810	3734 3719
3735 3811	3735 3721
3736 3811	3736 3721
3737 3812	3737 3723
3738 3812	3738 3723
3739 3813	3739 3725
3740 3813	3740 3725
3741 3814	3741 3727
3742 3814	3742 3727
3743 3815	3743 3729
3744 3815	3744 3729
3745 3816	3745 3731
3746 3816	3746 3731
3747 3817	3747 3733
3748 3817	3748 3733
3749 3818	3749 3735
3751 3818	3751 3735
3752 3819	3752 3737
3753 3819	3753 3737
3754 3820	3754 3738
3755 3820	3755 3738
3756 3821	3756 3740
3757 3821	3757 3740
3758 3822	3758 3742
3759 3822	3759 3742
3760 3823	3760 3744
3761 3823	3761 3744
3762 3824	3762 3746
3763 3824	3763 3746
3764 3825	3764 3748
3765 3825	3765 3748
3766 3826	3766 3750
3767 3826	3767 3750
3768 3827	3768 3752
3769 3827	3769 3752
3770 3827	3770 3752
3771 3828	3771 3754
3772 3828	3772 3754
3773 3829	3773 3756
3774 3829	3774 3756
3775 3830	3775 3758
3776 3830	3776 3758
3777 3831	3777 3760
3778 3831	3778 3760
3779 3832	3779 3762
3780 3832	3780 3762
3781 3833	3781 3764
3782 3833	3782 3764
3783 3834	3783 3766
3784 3834	3784 3766
3785 3835	3785 3768
3786 3835	3786 3768
3787 3836	3787 3770
3788 3836	3788 3770
3789 3837	3789 3772
3790 3837	3790 3772
3791 3838	3791 3774
3792 3838	3792 3774
3794 3839	3794 3776
3795 3839	3795 3776
3796 3840	3796 3778
3797 3840	3797 3778
3798 3841	3798 3780
3799 3841	3799 3780
3800 3842	3800 3782
3801 3842	3801 3782
3802 3843	3802 3784
3803 3843	3803 3784
3804 3844	3804 3786
3805 3844	3805 3786
3806 3845	3806 3788
3807 3845	3807 3788
3808 3846	3808 3790
3809 3846	3809 3790
3810 3847	3810 3792
3811 3847	3811 3792
3812 3848	3812 3794
3813 3848	3813 3794
3814 3849	3814 3796
3815 3849	3815 3796
3816 3850	3816 3798
3817 3850	3817 3798
3818 3851	3818 3800
3819 3851	3819 3800
3820 3852	3820 3802
3821 3852	3821 3802
3822 3853	3822 3804
3823 3853	3823 3804
3824 3854	3824 3806
3825 3854	3825 3806
3826 3855	3826 3808
3827 3855	3827 3808
3828 3856	3828 3810
3829 3856	3829 3810
3830 3857	3830 3812
3831 3857	3831 3812
3832 3858	3832 3814
3833 3858	3833 3814
3834 3859	3834 3816
3835 3859	3835 3816
3837 3860	3837 3818
3838 3860	3838 3818
3839 3861	3839 3820
3840 3861	3840 3820
3841 3862	3841 3822
3842 3862	3842 3822
3843 3863	3843 3824
3844 3863	3844 3824
3845 3864	3845 3826
3846 3864	3846 3826
3847 3865	3847 3828
3848 3865	3848 3828
3849 3866	3849 3830
3850 3866	3850 3830
3851 3867	3851 3832
3852 3867	3852 3832
3853 3868	3853 3834
3854 3868	3854 3834
3855 3869	3855 3836
3856 3869	3856 3836
3857 3870	3857 3838
3858 3870	3858 3838
3859 3871	3859 3840
3860 3871	3860 3840
3861 3872	3861 3842
3862 3872	3862 3842
3863 3873	3863 3844
3864 3873	3864 3844
3865 3874	3865 3846
3866 3874	3866 3846
3867 3875	3867 3848
3868 3875	3868 3848
3869 3876	3869 3850
3870 3876	3870 3850
3871 3877	3871 3852
3872 3877	3872 3852
3873 3878	3873 3854
3874 3878	3874 3854
3875 3879	3875 3856
3876 3879	3876 3856
3877 3880	3877 3858
3878 3880	3878 3858
3880 3880	3880 3858
3881 3881	3881 3860
3882 3881	3882 3860
3883 3882	3883 3862
3884 3882	3884 3862
3885 3883	3885 3864
3886 3883	3886 3864
3887 3884	3887 3866
3888 3884	3888 3866
3889 3885	3889 3868
3890 3885	3890 3868
3891 3886	3891 3870
3892 3886	3892 3870
3893 3887	3893 3872
3894 3887	3894 3872
3895 3888	3895 3874
3896 3888	3896 3874
3897 3889	3897 3876
3898 3889	3898 3876
3899 3890	3899 3878
3900 3890	3900 3878
3901 3891	3901 3880
3902 3891	3902 3880
3903 3892	3903 3882
3904 3892	3904 3882
3905 3893	3905 3884
3906 3893	3906 3884
3907 3894	3907 3886
3908 3894	3908 3886
3909 3895	3909 3888
3910 3895	3910 3888
3911 3896	3911 3890
3912 3896	3912 3890
3913 3897	3913 3892
3914 3897	3914 3892
3915 3898	3915 3894
3916 3898	3916 3894
3917 3899	3917 3896
3918 3899	3918 3896
3919 3900	3919 3898
3920 3900	3920 3898
3921 3901	3921 3900
3923 3901	3923 3900
3924 3902	3924 3902
3925 3902	3925 3902
3926 3903	3926 3904
3927 3903	3927 3904
3928 3904	3928 3906
3929 3904	3929 3906
3930 3905	3930 3908
3931 3905	3931 3908
3932 3906	3932 3910
3933 3906	3933 3910
3934 3907	3934 3912
3935 3907	3935 3912
3936 3908	3936 3915
3937 3908	3937 3915
3938 3909	3938 3917
3939 3909	3939 3917
3940 3910	3940 3919
3941 3910	3941 3919
3942 3911	3942 3921
3943 3911	3943 3921
3944 3912	3944 3923
3945 3912	3945 3923
3946 3913	3946 3925
3947 3913	3947 3925
3948 3914	3948 3927
3949 3914	3949 3927
3950 3915	3950 3929
3951 3915	3951 3929
3952 3916	3952 3931
3953 3916	3953 3931
3954 3917	3954 3933
3955 3917	3955 3933
3956 3918	3956 3935
3957 3918	3957 3935
3958 3918	3958 3935
3959 3919	3959 3937
3960 3919	3960 3937
3961 3920	3961 3939
3962 3920	3962 3939
3963 3921	3963 3941
3964 3921	3964 3941
3966 3922	3966 3943
3967 3922	3967 3943
3968 3923	3968 3945
3969 3923	3969 3945
3970 3924	3970 3947
3971 3924	3971 3947
3972 3925	3972 3949
3973 3925	3973 3949
3974 3926	3974 3951
3975 3926	3975 3951
3976 3927	3976 3954
3977 3927	3977 3954
3978 3928	3978 3956
3979 3928	3979 3956
3980 3929	3980 3958
3981 3929	3981 3958
3982 3930	3982 3960
3983 3930	3983 3960
3984 3931	3984 3962
3985 3931	3985 3962
3986 3932	3986 3964
3987 3932	3987 3964
3988 3933	3988 3966
3989 3933	3989 3966
3990 3934	3990 3968
3991 3934	3991 3968
3992 3935	3992 3970
3993 3935	3993 3970
3994 3936	3994 3972
3995 3936	3995 3972
3996 3937	3996 3974
3997 3937	3997 3974
3998 3938	3998 3976
3999 3938	3999 3976
4000 3939	4000 3978
4001 3939	4001 3978
4002 3940	4002 3980
4003 3940	4003 3980
4004 3941	4004 3982
4005 3941	4005 3982
4006 3942	4006 3985
4007 3942	4007 3985
4009 3943	4009 3987
4010 3943	4010 3987
4011 3944	4011 3989
4012 3944	4012 3989
