81 34
82 35
83 36
84 38
85 40
87 41
88 42
89 43
90 45
91 46
92 48
93 48
94 50
95 51
96 53
97 54
98 55
99 57
100 58
101 60
102 61
103 62
104 63
105 65
106 66
107 67
108 68
109 70
110 71
111 73
112 74
113 75
114 77
115 78
116 79
117 80
118 82
119 83
120 85
121 85
122 87
123 88
124 90
125 91
126 92
127 94
128 95
130 96
131 97
132 99
133 100
134 102
135 102
136 104
137 105
138 107
139 108
140 109
141 111
142 112
143 113
144 114
145 116
146 117
147 118
148 119
149 121
150 122
151 123
152 125
153 126
154 128
155 128
156 130
157 131
158 133
159 133
160 135
161 136
162 138
163 138
164 140
165 142
166 143
167 144
168 145
169 147
170 148
171 149
173 150
174 152
175 152
176 154
177 155
178 157
179 157
180 159
181 161
182 162
183 163
184 164
185 166
186 166
187 168
188 169
189 171
190 171
191 173
192 174
193 175
194 177
195 178
196 180
197 180
198 182
199 183
200 184
201 185
202 187
203 188
204 189
205 190
206 192
207 193
208 194
209 196
210 197
211 198
212 199
213 201
214 201
216 203
217 204
218 205
219 206
220 208
221 209
222 210
223 211
224 213
225 214
226 215
227 217
228 217
229 219
230 220
231 221
232 222
233 224
234 225
235 226
236 227
237 229
238 229
239 231
240 233
241 233
242 235
243 236
244 237
245 238
246 240
247 241
248 242
249 243
250 244
251 245
252 247
253 248
254 249
255 250
256 252
257 253
259 254
260 256
261 256
262 258
263 259
264 260
265 261
266 263
267 263
268 265
269 266
270 267
271 268
272 270
273 270
274 272
275 274
276 274
277 276
278 277
279 278
280 279
281 281
282 281
283 283
284 284
285 285
286 286
287 288
288 288
289 290
290 291
291 292
292 293
293 294
294 296
295 297
296 298
297 299
298 301
299 301
300 303
302 304
303 305
304 306
305 308
306 308
307 310
308 311
309 312
310 313
311 314
312 315
313 317
314 318
315 319
316 321
317 321
318 323
319 324
320 325
321 326
322 327
323 328
324 330
325 330
326 332
327 333
328 334
329 335
330 337
331 337
332 339
333 340
334 341
335 343
336 343
337 345
338 346
339 347
340 348
341 349
342 350
343 352
345 352
346 354
347 355
348 356
349 357
350 358
351 359
352 361
353 361
354 363
355 364
356 365
357 366
358 367
359 369
360 370
361 371
362 372
363 373
364 374
365 376
366 376
367 378
368 379
369 380
370 381
371 382
372 383
373 385
374 385
375 387
376 388
377 389
378 390
379 391
380 392
381 394
382 394
383 396
384 397
385 398
386 399
388 400
389 402
390 402
391 404
392 405
393 406
394 407
395 408
396 409
397 411
398 411
399 413
400 413
401 415
402 416
403 417
404 418
405 419
406 420
407 422
408 422
409 424
410 424
411 426
412 427
413 428
414 429
415 430
416 431
417 433
418 433
419 435
420 435
421 437
422 438
423 439
424 441
425 441
426 443
427 443
428 445
429 446
430 447
432 448
433 449
434 450
435 451
436 452
437 454
438 454
439 456
440 457
441 458
442 459
443 460
444 461
445 462
446 463
447 464
448 465
449 467
450 467
451 469
452 470
453 471
454 472
455 473
456 474
457 475
458 476
459 477
460 478
461 480
462 480
463 482
464 482
465 484
466 485
467 486
468 487
469 488
470 489
471 490
472 491
473 492
475 493
476 495
477 495
478 497
479 497
480 499
481 500
482 501
483 502
484 503
485 504
486 505
487 506
488 507
489 508
490 510
491 510
492 512
493 512
494 514
495 515
496 516
497 517
498 518
499 519
500 520
501 521
502 522
503 523
504 525
505 525
506 527
507 527
508 529
509 529
510 531
511 532
512 533
513 534
514 535
515 536
516 537
518 538
519 539
520 540
521 541
522 542
523 544
524 544
525 546
526 546
527 548
528 549
529 550
530 551
531 552
532 553
533 554
534 555
535 556
536 557
537 558
538 559
539 560
540 561
541 563
542 563
543 565
544 565
545 567
546 567
547 569
548 570
549 571
550 572
551 573
552 574
553 575
554 576
555 577
556 578
557 579
558 580
559 581
561 582
562 584
563 584
564 586
565 586
566 588
567 588
568 590
569 590
570 591
571 593
572 593
573 595
574 595
575 597
576 597
577 599
578 600
579 601
580 602
581 603
582 604
583 605
584 606
585 607
586 608
587 609
588 610
589 611
590 612
591 613
592 614
593 615
594 616
595 618
596 618
597 620
598 620
599 622
600 622
601 624
602 624
604 625
605 627
606 627
607 629
608 629
609 631
610 631
611 633
612 633
613 635
614 635
615 637
616 638
617 639
618 640
619 641
620 642
621 643
622 644
623 645
624 646
625 647
626 648
627 649
628 650
629 651
630 652
631 653
632 654
633 655
634 656
635 657
636 658
637 659
638 660
639 661
640 662
641 663
642 664
643 665
644 666
645 667
647 668
648 669
649 670
650 671
651 672
652 673
653 674
654 675
655 676
656 677
657 678
658 679
659 680
660 681
661 682
662 684
663 684
664 686
665 686
666 687
667 688
668 689
669 690
670 691
671 692
672 693
673 694
674 695
675 696
676 697
677 699
678 699
679 701
680 701
681 702
682 703
683 704
684 705
685 706
686 707
687 708
688 709
690 710
691 711
692 712
693 714
694 714
695 715
696 716
697 717
698 718
699 719
700 720
701 721
702 722
703 723
704 724
705 725
706 726
707 727
708 728
709 729
710 730
711 731
712 732
713 733
714 734
715 735
716 736
717 737
718 738
719 739
720 740
721 741
722 742
723 743
724 744
725 745
726 746
727 747
728 748
729 749
730 750
731 751
733 752
734 753
735 754
736 755
737 756
738 757
739 758
740 759
741 760
742 760
743 762
744 762
745 764
746 764
747 766
748 767
749 768
750 769
751 770
752 771
753 771
754 773
755 773
756 775
757 775
758 777
759 777
760 779
761 779
762 780
763 781
764 782
765 783
766 784
767 785
768 786
769 788
770 788
771 789
772 790
773 791
774 792
776 793
777 794
778 795
779 796
780 797
781 798
782 799
783 800
784 801
785 802
786 803
787 804
788 805
789 806
790 806
791 808
792 809
793 810
794 811
795 812
796 813
797 814
798 815
799 815
800 817
801 817
802 819
803 819
804 821
805 821
806 822
807 823
808 824
809 825
810 826
811 827
812 828
813 829
814 830
815 831
816 832
817 833
818 834
820 835
821 836
822 837
823 838
824 839
825 840
826 841
827 842
828 843
829 844
830 844
831 846
832 846
833 848
834 849
835 850
836 851
837 851
838 853
839 853
840 855
841 855
842 857
843 857
844 858
845 859
846 860
847 861
848 862
849 863
850 864
851 865
852 866
853 867
854 868
855 869
856 870
857 871
858 872
859 873
860 874
861 875
863 876
864 876
865 878
866 878
867 880
868 880
869 882
870 882
871 883
872 884
873 885
874 887
875 887
876 888
877 889
878 890
879 891
880 892
881 893
882 894
883 895
884 896
885 897
886 898
887 899
888 899
889 901
890 901
891 903
892 904
893 905
894 906
895 906
896 908
897 908
898 910
899 910
900 911
901 912
902 913
903 914
904 915
906 916
907 917
908 918
909 919
910 920
911 921
912 922
913 923
914 924
915 925
916 926
917 927
918 927
919 929
920 929
921 931
922 932
923 932
924 934
925 934
926 936
927 936
928 937
929 938
930 939
931 940
932 941
933 942
934 943
935 944
936 945
937 946
938 947
939 948
940 949
941 950
942 951
943 951
944 953
945 953
946 955
947 955
949 956
950 958
951 958
952 960
953 960
954 961
955 962
956 963
957 964
958 965
959 966
960 967
961 968
962 969
963 970
964 971
965 972
966 973
967 973
968 975
969 975
970 977
971 977
972 978
973 980
974 980
975 982
976 982
977 983
978 984
979 985
980 986
981 987
982 988
983 989
984 990
985 991
986 992
987 993
988 994
989 995
990 995
992 997
993 997
994 999
995 1000
996 1000
997 1002
998 1002
999 1003
1000 1004
1001 1005
1002 1006
1003 1007
1004 1008
1005 1009
1006 1010
1007 1011
1008 1012
1009 1013
1010 1014
1011 1015
1012 1016
1013 1017
1014 1018
1015 1019
1016 1020
1017 1020
1018 1022
1019 1022
1020 1023
1021 1025
1022 1025
1023 1027
1024 1027
1025 1028
1026 1029
1027 1030
1028 1031
1029 1032
1030 1033
1031 1034
1032 1035
1033 1036
1035 1037
1036 1038
1037 1038
1038 1040
1039 1041
1040 1042
1041 1043
1042 1043
1043 1045
1044 1045
1045 1046
1046 1048
1047 1048
1048 1049
1049 1050
1050 1051
1051 1052
1052 1053
1053 1054
1054 1055
1055 1056
1056 1057
1057 1058
1058 1059
1059 1060
1060 1061
1061 1062
1062 1063
1063 1064
1064 1064
1065 1066
1066 1067
1067 1067
1068 1069
1069 1069
1070 1071
1071 1071
1072 1072
1073 1074
1074 1074
1075 1075
1076 1076
1078 1077
1079 1078
1080 1079
1081 1080
1082 1081
1083 1082
1084 1083
1085 1084
1086 1085
1087 1086
1088 1087
1089 1088
1090 1088
1091 1090
1092 1091
1093 1091
1094 1093
1095 1093
1096 1094
1097 1095
1098 1096
1099 1097
1100 1098
1101 1099
1102 1100
1103 1101
1104 1102
1105 1103
1106 1104
1107 1105
1108 1106
1109 1107
1110 1108
1111 1109
1112 1110
1113 1110
1114 1112
1115 1113
1116 1113
1117 1115
1118 1115
1119 1116
1121 1118
1122 1118
1123 1119
1124 1120
1125 1121
1126 1122
1127 1123
1128 1124
1129 1125
1130 1126
1131 1127
1132 1128
1133 1129
1134 1130
1135 1131
1136 1132
1137 1133
1138 1134
1139 1135
1140 1135
1141 1137
1142 1138
1143 1138
1144 1140
1145 1140
1146 1141
1147 1143
1148 1143
1149 1144
1150 1146
1151 1146
1152 1147
1153 1148
1154 1149
1155 1150
1156 1151
1157 1152
1158 1153
1159 1154
1160 1155
1161 1156
1162 1157
1164 1158
1165 1159
1166 1160
1167 1161
1168 1161
1169 1163
1170 1164
1171 1164
1172 1166
1173 1167
1174 1167
1175 1169
1176 1169
1177 1170
1178 1172
1179 1172
1180 1173
1181 1174
1182 1175
1183 1176
1184 1177
1185 1178
1186 1179
1187 1180
1188 1181
1189 1182
1190 1183
1191 1184
1192 1185
1193 1185
1194 1187
1195 1188
1196 1188
1197 1190
1198 1191
1199 1191
1200 1193
1201 1194
1202 1194
1203 1196
1204 1196
1205 1197
1207 1198
1208 1199
1209 1200
1210 1201
1211 1202
1212 1203
1213 1204
1214 1205
1215 1206
1216 1207
1217 1208
1218 1209
1219 1210
1220 1211
1221 1212
1222 1213
1223 1213
1224 1215
1225 1216
1226 1216
1227 1218
1228 1219
1229 1219
1230 1221
1231 1222
1232 1222
1233 1224
1234 1224
1235 1225
1236 1226
1237 1227
1238 1228
1239 1229
1240 1230
1241 1231
1242 1232
1243 1233
1244 1234
1245 1235
1246 1236
1247 1237
1248 1238
1249 1239
1251 1240
1252 1241
1253 1242
1254 1243
1255 1244
1256 1245
1257 1245
1258 1247
1259 1248
1260 1248
1261 1250
1262 1251
1263 1251
1264 1253
1265 1254
1266 1254
1267 1255
1268 1257
1269 1257
1270 1258
1271 1260
1272 1260
1273 1261
1274 1263
1275 1263
1276 1264
1277 1265
1278 1266
1279 1267
1280 1268
1281 1269
1282 1270
1283 1271
1284 1272
1285 1273
1286 1274
1287 1275
1288 1276
1289 1277
1290 1278
1291 1279
1292 1280
1294 1281
1295 1282
1296 1283
1297 1284
1298 1285
1299 1285
1300 1287
1301 1288
1302 1288
1303 1290
1304 1291
1305 1291
1306 1292
1307 1294
1308 1294
1309 1295
1310 1296
1311 1298
1312 1298
1313 1299
1314 1301
1315 1301
1316 1302
1317 1303
1318 1304
1319 1305
1320 1306
1321 1308
1322 1308
1323 1309
1324 1310
1325 1311
1326 1312
1327 1313
1328 1314
1329 1315
1330 1316
1331 1317
1332 1318
1333 1319
1334 1320
1335 1321
1337 1322
1338 1323
1339 1324
1340 1324
1341 1326
1342 1327
1343 1328
1344 1328
1345 1330
1346 1331
1347 1331
1348 1333
1349 1334
1350 1335
1351 1335
1352 1337
1353 1338
1354 1338
1355 1339
1356 1341
1357 1342
1358 1342
1359 1343
1360 1345
1361 1345
1362 1346
1363 1347
1364 1349
1365 1349
1366 1350
1367 1352
1368 1353
1369 1353
1370 1354
1371 1356
1372 1356
1373 1357
1374 1358
1375 1360
1376 1360
1377 1361
1378 1362
1380 1364
1381 1364
1382 1365
1383 1366
1384 1367
1385 1368
1386 1369
1387 1370
1388 1371
1389 1372
1390 1373
1391 1374
1392 1375
1393 1376
1394 1377
1395 1378
1396 1379
1397 1380
1398 1381
1399 1382
1400 1383
1401 1384
1402 1385
1403 1386
1404 1387
1405 1388
1406 1389
1407 1390
1408 1391
1409 1392
1410 1393
1411 1394
1412 1394
1413 1396
1414 1397
1415 1398
1416 1398
1417 1400
1418 1401
1419 1402
1420 1402
1421 1404
1423 1405
1424 1406
1425 1406
1426 1408
1427 1409
1428 1410
1429 1410
1430 1412
1431 1413
1432 1414
1433 1415
1434 1415
1435 1417
1436 1418
1437 1419
1438 1419
1439 1421
1440 1422
1441 1423
1442 1423
1443 1425
1444 1426
1445 1427
1446 1427
1447 1428
1448 1430
1449 1431
1450 1432
1451 1432
1452 1434
1453 1435
1454 1436
1455 1436
1456 1437
1457 1439
1458 1440
1459 1440
1460 1441
1461 1443
1462 1444
1463 1445
1464 1445
1466 1446
1467 1448
1468 1449
1469 1449
1470 1450
1471 1452
1472 1453
1473 1454
1474 1454
1475 1455
1476 1457
1477 1458
1478 1459
1479 1459
1480 1460
1481 1462
1482 1463
1483 1463
1484 1464
1485 1466
1486 1467
1487 1468
1488 1468
1489 1469
1490 1471
1491 1472
1492 1473
1493 1473
1494 1474
1495 1476
1496 1477
1497 1478
1498 1478
1499 1480
1500 1481
1501 1482
1502 1483
1503 1483
1504 1485
1505 1486
1506 1487
1507 1488
1509 1488
1510 1490
1511 1491
1512 1492
1513 1493
1514 1493
1515 1495
1516 1496
1517 1497
1518 1498
1519 1498
1520 1500
1521 1501
1522 1502
1523 1503
1524 1503
1525 1505
1526 1506
1527 1507
1528 1508
1529 1509
1530 1510
1531 1511
1532 1512
1533 1513
1534 1514
1535 1515
1536 1516
1537 1517
1538 1518
1539 1519
1540 1520
1541 1521
1542 1522
1543 1523
1544 1524
1545 1525
1546 1526
1547 1527
1548 1528
1549 1529
1550 1530
1552 1531
1553 1532
1554 1533
1555 1534
1556 1535
1557 1536
1558 1537
1559 1538
1560 1539
1561 1540
1562 1541
1563 1543
1564 1543
1565 1544
1566 1545
1567 1546
1568 1547
1569 1549
1570 1549
1571 1550
1572 1551
1573 1552
1574 1554
1575 1555
1576 1555
1577 1556
1578 1557
1579 1558
1580 1560
1581 1561
1582 1562
1583 1562
1584 1563
1585 1564
1586 1566
1587 1567
1588 1568
1589 1568
1590 1569
1591 1571
1592 1572
1593 1573
1595 1574
1596 1575
1597 1575
1598 1577
1599 1578
1600 1579
1601 1580
1602 1581
1603 1582
1604 1583
1605 1584
1606 1585
1607 1586
1608 1587
1609 1588
1610 1589
1611 1590
1612 1591
1613 1592
1614 1593
1615 1594
1616 1595
1617 1596
1618 1597
1619 1598
1620 1599
1621 1600
1622 1601
1623 1603
1624 1604
1625 1604
1626 1605
1627 1606
1628 1607
1629 1609
1630 1610
1631 1611
1632 1612
1633 1612
1634 1613
1635 1614
1636 1616
1637 1617
1639 1618
1640 1619
1641 1620
1642 1620
1643 1622
1644 1623
1645 1624
1646 1625
1647 1626
1648 1627
1649 1628
1650 1629
1651 1630
1652 1631
1653 1632
1654 1633
1655 1634
1656 1635
1657 1637
1658 1637
1659 1638
1660 1639
1661 1640
1662 1641
1663 1642
1664 1644
1665 1645
1666 1646
1667 1646
1668 1647
1669 1648
1670 1649
1671 1651
1672 1652
1673 1653
1674 1654
1675 1655
1676 1655
1677 1656
1678 1658
1679 1659
1680 1660
1682 1661
1683 1662
1684 1663
1685 1664
1686 1665
1687 1666
1688 1667
1689 1668
1690 1669
1691 1670
1692 1671
1693 1672
1694 1674
1695 1675
1696 1676
1697 1676
1698 1677
1699 1678
1700 1679
1701 1680
1702 1682
1703 1683
1704 1684
1705 1685
1706 1686
1707 1687
1708 1687
1709 1688
1710 1690
1711 1691
1712 1692
1713 1693
1714 1694
1715 1695
1716 1696
1717 1697
1718 1698
1719 1700
1720 1700
1721 1701
1722 1702
1723 1703
1725 1704
1726 1705
1727 1706
1728 1708
1729 1709
1730 1710
1731 1711
1732 1712
1733 1713
1734 1713
1735 1714
1736 1715
1737 1717
1738 1718
1739 1719
1740 1720
1741 1721
1742 1722
1743 1723
1744 1724
1745 1725
1746 1727
1747 1728
1748 1728
1749 1729
1750 1730
1751 1731
1752 1732
1753 1733
1754 1734
1755 1736
1756 1737
1757 1738
1758 1739
1759 1740
1760 1741
1761 1742
1762 1743
1763 1744
1764 1745
1765 1746
1766 1747
1768 1748
1769 1749
1770 1750
1771 1751
1772 1752
1773 1753
1774 1754
1775 1755
1776 1757
1777 1758
1778 1759
1779 1760
1780 1761
1781 1762
1782 1763
1783 1764
1784 1765
1785 1765
1786 1766
1787 1768
1788 1769
1789 1770
1790 1771
1791 1772
1792 1773
1793 1774
1794 1775
1795 1776
1796 1777
1797 1778
1798 1780
1799 1781
1800 1782
1801 1783
1802 1784
1803 1785
1804 1786
1805 1787
1806 1788
1807 1789
1808 1790
1809 1791
1811 1792
1812 1793
1813 1794
1814 1795
1815 1796
1816 1797
1817 1798
1818 1799
1819 1800
1820 1801
1821 1802
1822 1803
1823 1804
1824 1806
1825 1807
1826 1808
1827 1809
1828 1810
1829 1811
1830 1812
1831 1813
1832 1814
1833 1815
1834 1816
1835 1817
1836 1818
1837 1819
1838 1821
1839 1822
1840 1823
1841 1824
1842 1825
1843 1826
1844 1827
1845 1828
1846 1829
1847 1830
1848 1831
1849 1832
1850 1833
1851 1834
1852 1835
1854 1837
1855 1838
1856 1839
1857 1840
1858 1841
1859 1842
1860 1843
1861 1844
1862 1845
1863 1846
1864 1847
1865 1848
1866 1849
1867 1850
1868 1851
1869 1852
1870 1853
1871 1855
1872 1856
1873 1857
1874 1858
1875 1859
1876 1860
1877 1861
1878 1862
1879 1863
1880 1864
1881 1865
1882 1866
1883 1867
1884 1868
1885 1869
1886 1870
1887 1871
1888 1872
1889 1873
1890 1875
1891 1876
1892 1877
1893 1878
1894 1879
1895 1880
1897 1881
1898 1882
1899 1883
1900 1884
1901 1885
1902 1886
1903 1887
1904 1888
1905 1889
1906 1890
1907 1891
1908 1892
1909 1893
1910 1894
1911 1895
1912 1896
1913 1897
1914 1899
1915 1900
1916 1901
1917 1902
1918 1903
1919 1904
1920 1905
1921 1906
1922 1907
1923 1908
1924 1909
1925 1910
1926 1911
1927 1912
1928 1913
1929 1914
1930 1915
1931 1917
1932 1918
1933 1919
1934 1920
1935 1921
1936 1922
1937 1923
1938 1924
1940 1925
1941 1926
1942 1927
1943 1928
1944 1929
1945 1930
1946 1931
1947 1932
1948 1934
1949 1935
1950 1936
1951 1937
1952 1938
1953 1939
1954 1940
1955 1941
1956 1942
1957 1943
1958 1945
1959 1946
1960 1947
1961 1948
1962 1949
1963 1950
1964 1951
1965 1952
1966 1953
1967 1954
1968 1955
1969 1956
1970 1957
1971 1958
1972 1959
1973 1960
1974 1961
1975 1962
1976 1963
1977 1964
1978 1966
1979 1967
1980 1968
1981 1969
1983 1970
1984 1971
1985 1972
1986 1973
1987 1974
1988 1975
1989 1976
1990 1977
1991 1978
1992 1979
1993 1980
1994 1981
1995 1982
1996 1984
1997 1985
1998 1986
1999 1987
2000 1988
2001 1989
2002 1990
2003 1991
2004 1992
2005 1993
2006 1994
2007 1995
2008 1996
2009 1997
2010 1998
2011 2000
2012 2001
2013 2002
2014 2003
2015 2004
2016 2005
2017 2006
2018 2007
2019 2008
2020 2009
2021 2010
2022 2011
2023 2012
2024 2014
2026 2015
2027 2016
2028 2017
2029 2018
2030 2019
2031 2020
2032 2021
2033 2022
2034 2023
2035 2024
2036 2025
2037 2027
2038 2028
2039 2029
2040 2030
2041 2031
2042 2032
2043 2033
2044 2034
2045 2035
2046 2036
2047 2037
2048 2039
2049 2040
2050 2041
2051 2042
2052 2043
2053 2044
2054 2045
2055 2046
2056 2047
2057 2048
2058 2049
2059 2051
2060 2052
2061 2053
2062 2053
2063 2054
2064 2055
2065 2056
2066 2057
2067 2058
2068 2059
2070 2060
2071 2062
2072 2063
2073 2064
2074 2065
2075 2066
2076 2067
2077 2068
2078 2069
2079 2070
2080 2071
2081 2073
2082 2074
2083 2075
2084 2076
2085 2077
2086 2078
2087 2079
2088 2080
2089 2081
2090 2083
2091 2084
2092 2085
2093 2086
2094 2087
2095 2087
2096 2088
2097 2089
2098 2090
2099 2092
2100 2093
2101 2094
2102 2095
2103 2096
2104 2097
2105 2098
2106 2099
2107 2100
2108 2102
2109 2103
2110 2104
2111 2105
2113 2106
2114 2107
2115 2108
2116 2109
2117 2111
2118 2112
2119 2112
2120 2113
2121 2114
2122 2115
2123 2116
2124 2117
2125 2119
2126 2120
2127 2121
2128 2122
2129 2123
2130 2124
2131 2125
2132 2126
2133 2128
2134 2129
2135 2130
2136 2131
2137 2132
2138 2133
2139 2133
2140 2134
2141 2136
2142 2137
2143 2138
2144 2139
2145 2140
2146 2141
2147 2142
2148 2144
2149 2145
2150 2146
2151 2147
2152 2148
2153 2149
2154 2150
2156 2150
2157 2152
2158 2153
2159 2154
2160 2155
2161 2156
2162 2157
2163 2158
2164 2160
2165 2161
2166 2162
2167 2163
2168 2164
2169 2165
2170 2167
2171 2168
2172 2168
2173 2169
2174 2170
2175 2171
2176 2172
2177 2174
2178 2175
2179 2176
2180 2177
2181 2178
2182 2179
2183 2180
2184 2182
2185 2182
2186 2183
2187 2184
2188 2185
2189 2186
2190 2187
2191 2189
2192 2190
2193 2191
2194 2192
2195 2193
2196 2195
2197 2196
2199 2196
2200 2197
2201 2198
2202 2199
2203 2200
2204 2202
2205 2203
2206 2204
2207 2205
2208 2206
2209 2207
2210 2209
2211 2209
2212 2210
2213 2211
2214 2212
2215 2213
2216 2214
2217 2216
2218 2217
2219 2218
2220 2219
2221 2220
2222 2222
2223 2222
2224 2223
2225 2224
2226 2225
2227 2226
2228 2228
2229 2229
2230 2230
2231 2231
2232 2232
2233 2232
2234 2233
2235 2235
2236 2236
2237 2237
2238 2238
2239 2239
2240 2241
2242 2242
2243 2243
2244 2244
2245 2244
2246 2245
2247 2247
2248 2248
2249 2249
2250 2250
2251 2251
2252 2253
2253 2254
2254 2254
2255 2255
2256 2256
2257 2257
2258 2259
2259 2260
2260 2261
2261 2262
2262 2263
2263 2265
2264 2265
2265 2266
2266 2267
2267 2268
2268 2269
2269 2271
2270 2272
2271 2273
2272 2274
2273 2274
2274 2276
2275 2277
2276 2278
2277 2279
2278 2280
2279 2282
2280 2283
2281 2284
2282 2284
2283 2285
2285 2286
2286 2288
2287 2289
2288 2290
2289 2291
2290 2293
2291 2293
2292 2294
2293 2295
2294 2296
2295 2297
2296 2299
2297 2300
2298 2301
2299 2302
2300 2302
2301 2304
2302 2305
2303 2306
2304 2307
2305 2308
2306 2310
2307 2311
2308 2311
2309 2312
2310 2313
2311 2315
2312 2316
2313 2317
2314 2318
2315 2320
2316 2320
2317 2321
2318 2322
2319 2323
2320 2324
2321 2326
2322 2327
2323 2327
2324 2328
2325 2329
2326 2331
2328 2332
2329 2333
2330 2334
2331 2336
2332 2336
2333 2337
2334 2338
2335 2339
2336 2341
2337 2342
2338 2343
2339 2343
2340 2344
2341 2346
2342 2347
2343 2348
2344 2349
2345 2351
2346 2351
2347 2352
2348 2353
2349 2354
2350 2356
2351 2357
2352 2358
2353 2358
2354 2359
2355 2361
2356 2362
2357 2363
2358 2364
2359 2366
2360 2366
2361 2367
2362 2368
2363 2369
2364 2371
2365 2372
2366 2373
2367 2373
2368 2374
2369 2376
2371 2377
2372 2378
2373 2380
2374 2381
2375 2381
2376 2382
2377 2383
2378 2385
2379 2386
2380 2387
2381 2387
2382 2388
2383 2390
2384 2391
2385 2392
2386 2394
2387 2395
2388 2395
2389 2396
2390 2397
2391 2399
2392 2400
2393 2401
2394 2401
2395 2402
2396 2404
2397 2405
2398 2406
2399 2408
2400 2408
2401 2409
2402 2410
2403 2411
2404 2413
2405 2414
2406 2414
2407 2415
2408 2417
2409 2418
2410 2419
2411 2420
2412 2420
2414 2422
2415 2423
2416 2424
2417 2426
2418 2427
2419 2427
2420 2428
2421 2429
2422 2431
2423 2432
2424 2433
2425 2433
2426 2435
2427 2436
2428 2437
2429 2438
2430 2440
2431 2440
2432 2441
2433 2442
2434 2444
2435 2445
2436 2446
2437 2446
2438 2448
2439 2449
2440 2450
2441 2451
2442 2451
2443 2453
2444 2454
2445 2455
2446 2457
2447 2458
2448 2458
2449 2459
2450 2461
2451 2462
2452 2463
2453 2463
2454 2465
2455 2466
2457 2467
2458 2468
2459 2470
2460 2470
2461 2471
2462 2472
2463 2474
2464 2475
2465 2475
2466 2476
2467 2478
2468 2479
2469 2480
2470 2482
2471 2482
2472 2483
2473 2484
2474 2486
2475 2487
2476 2487
2477 2488
2478 2490
2479 2491
2480 2492
2481 2492
2482 2494
2483 2495
2484 2496
2485 2497
2486 2497
2487 2499
2488 2500
2489 2501
2490 2503
2491 2503
2492 2504
2493 2505
2494 2507
2495 2508
2496 2508
2497 2509
2498 2511
2499 2512
2501 2513
2502 2513
2503 2515
2504 2516
2505 2517
2506 2519
2507 2519
2508 2520
2509 2521
2510 2523
2511 2524
2512 2524
2513 2525
2514 2527
2515 2528
2516 2530
2517 2530
2518 2531
2519 2532
2520 2534
2521 2535
2522 2535
2523 2536
2524 2538
2525 2539
2526 2539
2527 2540
2528 2542
2529 2543
2530 2544
2531 2544
2532 2546
2533 2547
2534 2548
2535 2550
2536 2550
2537 2551
2538 2552
2539 2554
2540 2555
2541 2555
2542 2557
2544 2558
2545 2559
2546 2559
2547 2561
2548 2562
2549 2563
2550 2565
2551 2565
2552 2566
2553 2567
2554 2569
2555 2569
2556 2570
2557 2572
2558 2573
2559 2574
2560 2574
2561 2576
2562 2577
2563 2578
2564 2578
2565 2580
2566 2581
2567 2582
2568 2584
2569 2584
2570 2585
2571 2587
2572 2588
2573 2588
2574 2589
2575 2591
2576 2592
2577 2592
2578 2593
2579 2595
2580 2596
2581 2598
2582 2598
2583 2599
2584 2600
2585 2602
2587 2602
2588 2603
2589 2604
2590 2606
2591 2606
2592 2607
2593 2609
2594 2610
2595 2611
2596 2611
2597 2613
2598 2614
2599 2616
2600 2616
2601 2617
2602 2618
2603 2620
2604 2620
2605 2621
2606 2622
2607 2624
2608 2624
2609 2625
2610 2627
2611 2628
2612 2628
2613 2629
2614 2631
2615 2632
2616 2632
2617 2634
2618 2635
2619 2636
2620 2636
2621 2638
2622 2639
2623 2641
2624 2641
2625 2642
2626 2643
2627 2645
2628 2646
2630 2646
2631 2648
2632 2649
2633 2650
2634 2650
2635 2652
2636 2653
2637 2655
2638 2655
2639 2656
2640 2658
2641 2658
2642 2659
2643 2660
2644 2662
2645 2662
2646 2663
2647 2665
2648 2666
2649 2666
2650 2667
2651 2669
2652 2670
2653 2670
2654 2672
2655 2673
2656 2674
2657 2674
2658 2676
2659 2677
2660 2679
2661 2679
2662 2680
2663 2682
2664 2683
2665 2683
2666 2684
2667 2686
2668 2687
2669 2687
2670 2689
2671 2690
2673 2690
2674 2692
2675 2693
2676 2694
2677 2694
2678 2696
2679 2697
2680 2699
2681 2699
2682 2700
2683 2702
2684 2703
2685 2703
2686 2704
2687 2706
2688 2706
2689 2707
2690 2709
2691 2710
2692 2710
2693 2712
2694 2713
2695 2714
2696 2714
2697 2716
2698 2717
2699 2717
2700 2719
2701 2720
2702 2722
2703 2722
2704 2723
2705 2725
2706 2726
2707 2726
2708 2727
2709 2729
2710 2729
2711 2730
2712 2732
2713 2733
2714 2733
2716 2735
2717 2736
2718 2736
2719 2738
2720 2739
2721 2740
2722 2740
2723 2742
2724 2743
2725 2745
2726 2745
2727 2746
2728 2748
2729 2748
2730 2749
2731 2751
2732 2752
2733 2752
2734 2754
2735 2755
2736 2755
2737 2757
2738 2758
2739 2759
2740 2759
2741 2761
2742 2762
2743 2762
2744 2764
2745 2765
2746 2767
2747 2767
2748 2768
2749 2770
2750 2770
2751 2771
2752 2773
2753 2773
2754 2774
2755 2776
2756 2777
2757 2777
2759 2779
2760 2780
2761 2780
2762 2781
2763 2783
2764 2784
2765 2784
2766 2786
2767 2787
2768 2787
2769 2789
2770 2790
2771 2790
2772 2792
2773 2793
2774 2795
2775 2795
2776 2796
2777 2798
2778 2798
2779 2799
2780 2801
2781 2801
2782 2802
2783 2804
2784 2805
2785 2805
2786 2807
2787 2808
2788 2808
2789 2810
2790 2811
2791 2811
2792 2813
2793 2814
2794 2816
2795 2816
2796 2817
2797 2819
2798 2819
2799 2820
2800 2822
2802 2822
2803 2823
2804 2825
2805 2825
2806 2826
2807 2828
2808 2828
2809 2829
2810 2831
2811 2832
2812 2832
2813 2834
2814 2835
2815 2835
2816 2837
2817 2838
2818 2838
2819 2840
2820 2841
2821 2841
2822 2843
2823 2844
2824 2844
2825 2846
2826 2847
2827 2849
2828 2849
2829 2850
2830 2852
2831 2852
2832 2853
2833 2855
2834 2855
2835 2856
2836 2858
2837 2858
2838 2859
2839 2861
2840 2861
2841 2862
2842 2864
2843 2864
2845 2865
2846 2867
2847 2867
2848 2868
2849 2870
2850 2870
2851 2871
2852 2873
2853 2874
2854 2874
2855 2876
2856 2877
2857 2877
2858 2879
2859 2880
2860 2880
2861 2882
2862 2883
2863 2883
2864 2885
2865 2886
2866 2886
2867 2888
2868 2890
2869 2890
2870 2891
2871 2893
2872 2893
2873 2894
2874 2896
2875 2896
2876 2897
2877 2899
2878 2899
2879 2900
2880 2902
2881 2902
2882 2903
2883 2905
2884 2905
2885 2906
2886 2908
2887 2908
2889 2910
2890 2911
2891 2911
2892 2913
2893 2914
2894 2914
2895 2916
2896 2917
2897 2917
2898 2919
2899 2920
2900 2920
2901 2922
2902 2923
2903 2923
2904 2925
2905 2926
2906 2926
2907 2928
2908 2930
2909 2930
2910 2931
2911 2931
2912 2933
2913 2934
2914 2934
2915 2936
2916 2937
2917 2937
2918 2939
2919 2940
2920 2940
2921 2942
2922 2944
2923 2944
2924 2945
2925 2947
2926 2947
2927 2948
2928 2950
2929 2950
2930 2951
2932 2953
2933 2953
2934 2954
2935 2956
2936 2956
2937 2958
2938 2958
2939 2959
2940 2961
2941 2961
2942 2962
2943 2964
2944 2964
2945 2965
2946 2967
2947 2967
2948 2969
2949 2970
2950 2970
2951 2972
2952 2973
2953 2973
2954 2975
2955 2975
2956 2976
2957 2978
2958 2978
2959 2980
2960 2981
2961 2981
2962 2983
2963 2984
2964 2984
2965 2986
2966 2987
2967 2987
2968 2989
2969 2989
2970 2991
2971 2992
2972 2992
2973 2994
2975 2995
2976 2995
2977 2997
2978 2999
2979 2999
2980 3000
2981 3000
2982 3002
2983 3003
2984 3003
2985 3005
2986 3006
2987 3006
2988 3008
2989 3010
2990 3010
2991 3011
2992 3011
2993 3013
2994 3014
2995 3014
2996 3016
2997 3018
2998 3018
2999 3019
3000 3019
3001 3021
3002 3022
3003 3022
3004 3024
3005 3026
3006 3026
3007 3027
3008 3029
3009 3029
3010 3030
3011 3030
3012 3032
3013 3034
3014 3034
3015 3035
3016 3037
3018 3037
3019 3038
3020 3038
3021 3040
3022 3042
3023 3042
3024 3043
3025 3045
3026 3045
3027 3046
3028 3046
3029 3048
3030 3050
3031 3050
3032 3051
3033 3053
3034 3053
3035 3055
3036 3055
3037 3056
3038 3058
3039 3058
3040 3059
3041 3059
3042 3061
3043 3063
3044 3063
3045 3064
3046 3066
3047 3066
3048 3067
3049 3067
3050 3069
3051 3071
3052 3071
3053 3072
3054 3074
3055 3074
3056 3076
3057 3076
3058 3077
3059 3079
3061 3079
3062 3080
3063 3080
3064 3082
3065 3084
3066 3084
3067 3085
3068 3085
3069 3087
3070 3089
3071 3089
3072 3090
3073 3092
3074 3092
3075 3094
3076 3094
3077 3095
3078 3097
3079 3097
3080 3098
3081 3098
3082 3100
3083 3102
3084 3102
3085 3103
3086 3103
3087 3105
3088 3107
3089 3107
3090 3108
3091 3108
3092 3110
3093 3112
3094 3112
3095 3113
3096 3115
3097 3115
3098 3116
3099 3116
3100 3118
3101 3120
3102 3120
3104 3121
3105 3121
3106 3123
3107 3125
3108 3125
3109 3126
3110 3126
3111 3128
3112 3130
3113 3130
3114 3131
3115 3131
3116 3133
3117 3135
3118 3135
3119 3136
3120 3136
3121 3138
3122 3140
3123 3140
3124 3141
3125 3141
3126 3143
3127 3145
3128 3145
3129 3146
3130 3146
3131 3148
3132 3150
3133 3150
3134 3151
3135 3151
3136 3153
3137 3155
3138 3155
3139 3156
3140 3156
3141 3158
3142 3158
3143 3160
3144 3161
3145 3161
3147 3163
3148 3163
3149 3165
3150 3166
3151 3166
3152 3168
3153 3168
3154 3170
3155 3171
3156 3171
3157 3173
3158 3173
3159 3175
3160 3176
3161 3176
3162 3178
3163 3178
3164 3180
3165 3180
3166 3181
3167 3183
3168 3183
3169 3185
3170 3185
3171 3186
3172 3188
3173 3188
3174 3190
3175 3190
3176 3191
3177 3191
3178 3193
3179 3195
3180 3195
3181 3196
3182 3196
3183 3198
3184 3200
3185 3200
3186 3201
3187 3201
3188 3203
3190 3203
3191 3205
3192 3207
3193 3207
3194 3208
3195 3208
3196 3210
3197 3212
3198 3212
3199 3213
3200 3213
3201 3215
3202 3215
3203 3217
3204 3218
3205 3218
3206 3220
3207 3220
3208 3222
3209 3224
3210 3224
3211 3225
3212 3225
3213 3227
3214 3227
3215 3229
3216 3230
3217 3230
3218 3232
3219 3232
3220 3234
3221 3234
3222 3235
3223 3237
3224 3237
3225 3239
3226 3239
3227 3241
3228 3241
3229 3242
3230 3244
3231 3244
3233 3246
3234 3246
3235 3247
3236 3247
3237 3249
3238 3251
3239 3251
3240 3253
3241 3253
3242 3254
3243 3254
3244 3256
3245 3258
3246 3258
3247 3259
3248 3259
3249 3261
3250 3261
3251 3263
3252 3265
3253 3265
3254 3266
3255 3266
3256 3268
3257 3268
3258 3270
3259 3271
3260 3271
3261 3273
3262 3273
3263 3275
3264 3275
3265 3277
3266 3277
3267 3278
3268 3280
3269 3280
3270 3282
3271 3282
3272 3284
3273 3284
3274 3285
3276 3287
3277 3287
3278 3289
3279 3289
3280 3290
3281 3290
3282 3292
3283 3292
3284 3294
3285 3296
3286 3296
3287 3297
3288 3297
3289 3299
3290 3299
3291 3301
3292 3303
3293 3303
3294 3304
3295 3304
3296 3306
3297 3306
3298 3308
3299 3308
3300 3310
3301 3311
3302 3311
3303 3313
3304 3313
3305 3315
3306 3315
3307 3317
3308 3317
3309 3318
3310 3320
3311 3320
3312 3322
3313 3322
3314 3324
3315 3324
3316 3325
3317 3325
3318 3327
3320 3329
3321 3329
3322 3331
3323 3331
3324 3332
3325 3332
3326 3334
3327 3334
3328 3336
3329 3338
3330 3338
3331 3339
3332 3339
3333 3341
3334 3341
3335 3343
3336 3343
3337 3345
3338 3345
3339 3346
3340 3348
3341 3348
3342 3350
3343 3350
3344 3352
3345 3352
3346 3353
3347 3353
3348 3355
3349 3357
3350 3357
3351 3359
3352 3359
3353 3361
3354 3361
3355 3362
3356 3362
3357 3364
3358 3364
3359 3366
3360 3368
3361 3368
3363 3369
3364 3369
3365 3371
3366 3371
3367 3373
3368 3373
3369 3375
3370 3375
3371 3376
3372 3378
3373 3378
3374 3380
3375 3380
3376 3382
3377 3382
3378 3384
3379 3384
3380 3385
3381 3385
3382 3387
3383 3389
3384 3389
3385 3391
3386 3391
3387 3393
3388 3393
3389 3394
3390 3394
3391 3396
3392 3396
3393 3398
3394 3398
3395 3400
3396 3401
3397 3401
3398 3403
3399 3403
3400 3405
3401 3405
3402 3407
3403 3407
3404 3409
3406 3409
3407 3410
3408 3410
3409 3412
3410 3414
3411 3414
3412 3416
3413 3416
3414 3418
3415 3418
3416 3419
3417 3419
3418 3421
3419 3421
3420 3423
3421 3423
3422 3425
3423 3427
3424 3427
3425 3428
3426 3428
3427 3430
3428 3430
3429 3432
3430 3432
3431 3434
3432 3434
3433 3436
3434 3436
3435 3437
3436 3437
3437 3439
3438 3441
3439 3441
3440 3443
3441 3443
3442 3445
3443 3445
3444 3446
3445 3446
3446 3448
3447 3448
3449 3450
3450 3450
3451 3452
3452 3452
3453 3454
3454 3456
3455 3456
3456 3457
3457 3457
3458 3459
3459 3459
3460 3461
3461 3461
3462 3463
3463 3463
3464 3465
3465 3465
3466 3466
3467 3466
3468 3468
3469 3468
3470 3470
3471 3472
3472 3472
3473 3474
3474 3474
3475 3476
3476 3476
3477 3477
3478 3477
3479 3479
3480 3479
3481 3481
3482 3481
3483 3483
3484 3483
3485 3485
3486 3485
3487 3487
3488 3487
3489 3488
3490 3490
3492 3490
3493 3492
3494 3492
3495 3494
3496 3494
3497 3496
3498 3496
3499 3498
3500 3498
3501 3499
3502 3499
3503 3501
3504 3501
3505 3503
3506 3503
3507 3505
3508 3505
3509 3507
3510 3507
3511 3509
3512 3510
3513 3510
3514 3512
3515 3512
3516 3514
3517 3514
3518 3516
3519 3516
3520 3518
3521 3518
3522 3520
3523 3520
3524 3522
3525 3522
3526 3523
3527 3523
3528 3525
3529 3525
3530 3527
3531 3527
3532 3529
3533 3529
3535 3531
3536 3531
3537 3533
3538 3535
3539 3535
3540 3536
3541 3536
3542 3538
3543 3538
3544 3540
3545 3540
3546 3542
3547 3542
3548 3544
3549 3544
3550 3546
3551 3546
3552 3548
3553 3548
3554 3549
3555 3549
3556 3551
3557 3551
3558 3553
3559 3553
3560 3555
3561 3555
3562 3557
3563 3557
3564 3559
3565 3559
3566 3561
3567 3561
3568 3562
3569 3564
3570 3564
3571 3566
3572 3566
3573 3568
3574 3568
3575 3570
3576 3570
3578 3572
3579 3572
3580 3574
3581 3574
3582 3576
3583 3576
3584 3577
3585 3577
3586 3579
3587 3579
3588 3581
3589 3581
3590 3583
3591 3583
3592 3585
3593 3585
3594 3587
3595 3587
3596 3589
3597 3589
3598 3591
3599 3591
3600 3592
3601 3592
3602 3594
3603 3594
3604 3596
3605 3596
3606 3598
3607 3598
3608 3600
3609 3602
3610 3602
3611 3604
3612 3604
3613 3606
3614 3606
3615 3608
3616 3608
3617 3609
3618 3609
3619 3611
3621 3611
3622 3613
3623 3613
3624 3615
3625 3615
3626 3617
3627 3617
3628 3619
3629 3619
3630 3621
3631 3621
3632 3623
3633 3623
3634 3625
3635 3625
3636 3627
3637 3627
3638 3628
3639 3628
3640 3630
3641 3630
3642 3632
3643 3632
3644 3634
3645 3634
3646 3636
3647 3636
3648 3638
3649 3638
3650 3640
3651 3640
3652 3642
3653 3642
3654 3644
3655 3644
3656 3646
3657 3646
3658 3648
3659 3648
3660 3649
3661 3649
3662 3651
3664 3651
3665 3653
3666 3653
3667 3655
3668 3655
3669 3657
3670 3657
3671 3659
3672 3659
3673 3661
3674 3661
3675 3663
3676 3663
3677 3665
3678 3665
3679 3667
3680 3667
3681 3669
3682 3669
3683 3671
3684 3671
3685 3672
3686 3672
3687 3674
3688 3674
3689 3676
3690 3678
3691 3678
3692 3680
3693 3680
3694 3682
3695 3682
3696 3684
3697 3684
3698 3686
3699 3686
3700 3688
3701 3688
3702 3690
3703 3690
3704 3692
3705 3692
3706 3694
3708 3694
3709 3696
3710 3696
3711 3698
3712 3698
3713 3700
3714 3700
3715 3701
3716 3701
3717 3703
3718 3703
3719 3705
3720 3705
3721 3707
3722 3707
3723 3709
3724 3709
3725 3711
3726 3711
3727 3713
3728 3713
3729 3715
3730 3715
3731 3717
3732 3717
3733 3719
3734 3719
3735 3721
3736 3721
3737 3723
3738 3723
3739 3725
3740 3725
3741 3727
3742 3727
3743 3729
3744 3729
3745 3731
3746 3731
3747 3733
3748 3733
3749 3735
3751 3735
3752 3737
3753 3737
3754 3738
3755 3738
3756 3740
3757 3740
3758 3742
3759 3742
3760 3744
3761 3744
3762 3746
3763 3746
3764 3748
3765 3748
3766 3750
3767 3750
3768 3752
3769 3752
3770 3752
3771 3754
3772 3754
3773 3756
3774 3756
3775 3758
3776 3758
3777 3760
3778 3760
3779 3762
3780 3762
3781 3764
3782 3764
3783 3766
3784 3766
3785 3768
3786 3768
3787 3770
3788 3770
3789 3772
3790 3772
3791 3774
3792 3774
3794 3776
3795 3776
3796 3778
3797 3778
3798 3780
3799 3780
3800 3782
3801 3782
3802 3784
3803 3784
3804 3786
3805 3786
3806 3788
3807 3788
3808 3790
3809 3790
3810 3792
3811 3792
3812 3794
3813 3794
3814 3796
3815 3796
3816 3798
3817 3798
3818 3800
3819 3800
3820 3802
3821 3802
3822 3804
3823 3804
3824 3806
3825 3806
3826 3808
3827 3808
3828 3810
3829 3810
3830 3812
3831 3812
3832 3814
3833 3814
3834 3816
3835 3816
3837 3818
3838 3818
3839 3820
3840 3820
3841 3822
3842 3822
3843 3824
3844 3824
3845 3826
3846 3826
3847 3828
3848 3828
3849 3830
3850 3830
3851 3832
3852 3832
3853 3834
3854 3834
3855 3836
3856 3836
3857 3838
3858 3838
3859 3840
3860 3840
3861 3842
3862 3842
3863 3844
3864 3844
3865 3846
3866 3846
3867 3848
3868 3848
3869 3850
3870 3850
3871 3852
3872 3852
3873 3854
3874 3854
3875 3856
3876 3856
3877 3858
3878 3858
3880 3858
3881 3860
3882 3860
3883 3862
3884 3862
3885 3864
3886 3864
3887 3866
3888 3866
3889 3868
3890 3868
3891 3870
3892 3870
3893 3872
3894 3872
3895 3874
3896 3874
3897 3876
3898 3876
3899 3878
3900 3878
3901 3880
3902 3880
3903 3882
3904 3882
3905 3884
3906 3884
3907 3886
3908 3886
3909 3888
3910 3888
3911 3890
3912 3890
3913 3892
3914 3892
3915 3894
3916 3894
3917 3896
3918 3896
3919 3898
3920 3898
3921 3900
3923 3900
3924 3902
3925 3902
3926 3904
3927 3904
3928 3906
3929 3906
3930 3908
3931 3908
3932 3910
3933 3910
3934 3912
3935 3912
3936 3915
3937 3915
3938 3917
3939 3917
3940 3919
3941 3919
3942 3921
3943 3921
3944 3923
3945 3923
3946 3925
3947 3925
3948 3927
3949 3927
3950 3929
3951 3929
3952 3931
3953 3931
3954 3933
3955 3933
3956 3935
3957 3935
3958 3935
3959 3937
3960 3937
3961 3939
3962 3939
3963 3941
3964 3941
3966 3943
3967 3943
3968 3945
3969 3945
3970 3947
3971 3947
3972 3949
3973 3949
3974 3951
3975 3951
3976 3954
3977 3954
3978 3956
3979 3956
3980 3958
3981 3958
3982 3960
3983 3960
3984 3962
3985 3962
3986 3964
3987 3964
3988 3966
3989 3966
3990 3968
3991 3968
3992 3970
3993 3970
3994 3972
3995 3972
3996 3974
3997 3974
3998 3976
3999 3976
4000 3978
4001 3978
4002 3980
4003 3980
4004 3982
4005 3982
4006 3985
4007 3985
4009 3987
4010 3987
4011 3989
4012 3989
