valgrind --tool=memcheck --leak-check=yes --track-origins=yes ./hw14 -tank -x1 0 -x2 0 -step 5 -ftime 600 -rk3
==12067== Memcheck, a memory error detector
==12067== Copyright (C) 2002-2017, and GNU GPL'd, by Julian Seward et al.
==12067== Using Valgrind-3.16.1 and LibVEX; rerun with -h for copyright info
==12067== Command: ./hw14 -tank -x1 0 -x2 0 -step 5 -ftime 600 -rk3
==12067== 
 0.00000000e+00 0.00000000e+00 0.00000000e+00
 5.00000000e+00 1.04158382e+00 1.25028475e-01
 1.00000000e+01 1.89794873e+00 2.92184221e-01
 1.50000000e+01 2.65737477e+00 4.74043863e-01
 2.00000000e+01 3.34422538e+00 6.60916040e-01
 2.50000000e+01 3.97244167e+00 8.48527784e-01
 3.00000000e+01 4.55134597e+00 1.03456458e+00
 3.50000000e+01 5.08771809e+00 1.21765404e+00
 4.00000000e+01 5.58675946e+00 1.39694610e+00
 4.50000000e+01 6.05261190e+00 1.57190666e+00
 5.00000000e+01 6.48866524e+00 1.74220421e+00
 5.50000000e+01 6.89775308e+00 1.90764273e+00
 6.00000000e+01 7.28228397e+00 2.06811955e+00
 6.50000000e+01 7.64433318e+00 2.22359781e+00
 7.00000000e+01 7.98570903e+00 2.37408768e+00
 7.50000000e+01 8.30800215e+00 2.51963337e+00
 8.00000000e+01 8.61262306e+00 2.66030381e+00
 8.50000000e+01 8.90083119e+00 2.79618585e+00
 9.00000000e+01 9.17375792e+00 2.92737928e+00
 9.50000000e+01 9.43242495e+00 3.05399307e+00
 1.00000000e+02 9.67775930e+00 3.17614253e+00
 1.05000000e+02 9.91060552e+00 3.29394716e+00
 1.10000000e+02 1.01317359e+01 3.40752898e+00
 1.15000000e+02 1.03418592e+01 3.51701122e+00
 1.20000000e+02 1.05416274e+01 3.62251736e+00
 1.25000000e+02 1.07316424e+01 3.72417032e+00
 1.30000000e+02 1.09124609e+01 3.82209188e+00
 1.35000000e+02 1.10845990e+01 3.91640219e+00
 1.40000000e+02 1.12485365e+01 4.00721944e+00
 1.45000000e+02 1.14047198e+01 4.09465958e+00
 1.50000000e+02 1.15535652e+01 4.17883606e+00
 1.55000000e+02 1.16954616e+01 4.25985977e+00
 1.60000000e+02 1.18307730e+01 4.33783886e+00
 1.65000000e+02 1.19598399e+01 4.41287867e+00
 1.70000000e+02 1.20829822e+01 4.48508173e+00
 1.75000000e+02 1.22005000e+01 4.55454768e+00
 1.80000000e+02 1.23126755e+01 4.62137332e+00
 1.85000000e+02 1.24197744e+01 4.68565258e+00
 1.90000000e+02 1.25220468e+01 4.74747655e+00
 1.95000000e+02 1.26197288e+01 4.80693354e+00
 2.00000000e+02 1.27130430e+01 4.86410908e+00
 2.05000000e+02 1.28021997e+01 4.91908599e+00
 2.10000000e+02 1.28873976e+01 4.97194442e+00
 2.15000000e+02 1.29688249e+01 5.02276193e+00
 2.20000000e+02 1.30466594e+01 5.07161351e+00
 2.25000000e+02 1.31210698e+01 5.11857166e+00
 2.30000000e+02 1.31922157e+01 5.16370645e+00
 2.35000000e+02 1.32602486e+01 5.20708559e+00
 2.40000000e+02 1.33253123e+01 5.24877447e+00
 2.45000000e+02 1.33875430e+01 5.28883624e+00
 2.50000000e+02 1.34470703e+01 5.32733187e+00
 2.55000000e+02 1.35040173e+01 5.36432022e+00
 2.60000000e+02 1.35585009e+01 5.39985808e+00
 2.65000000e+02 1.36106323e+01 5.43400024e+00
 2.70000000e+02 1.36605173e+01 5.46679957e+00
 2.75000000e+02 1.37082565e+01 5.49830706e+00
 2.80000000e+02 1.37539457e+01 5.52857186e+00
 2.85000000e+02 1.37976762e+01 5.55764139e+00
 2.90000000e+02 1.38395348e+01 5.58556134e+00
 2.95000000e+02 1.38796043e+01 5.61237577e+00
 3.00000000e+02 1.39179636e+01 5.63812712e+00
 3.05000000e+02 1.39546879e+01 5.66285629e+00
 3.10000000e+02 1.39898489e+01 5.68660270e+00
 3.15000000e+02 1.40235150e+01 5.70940431e+00
 3.20000000e+02 1.40557514e+01 5.73129769e+00
 3.25000000e+02 1.40866204e+01 5.75231805e+00
 3.30000000e+02 1.41161814e+01 5.77249932e+00
 3.35000000e+02 1.41444911e+01 5.79187413e+00
 3.40000000e+02 1.41716037e+01 5.81047394e+00
 3.45000000e+02 1.41975707e+01 5.82832900e+00
 3.50000000e+02 1.42224418e+01 5.84546844e+00
 3.55000000e+02 1.42462639e+01 5.86192029e+00
 3.60000000e+02 1.42690821e+01 5.87771154e+00
 3.65000000e+02 1.42909395e+01 5.89286813e+00
 3.70000000e+02 1.43118773e+01 5.90741505e+00
 3.75000000e+02 1.43319348e+01 5.92137632e+00
 3.80000000e+02 1.43511495e+01 5.93477505e+00
 3.85000000e+02 1.43695574e+01 5.94763348e+00
 3.90000000e+02 1.43871929e+01 5.95997299e+00
 3.95000000e+02 1.44040887e+01 5.97181413e+00
 4.00000000e+02 1.44202765e+01 5.98317668e+00
 4.05000000e+02 1.44357861e+01 5.99407965e+00
 4.10000000e+02 1.44506464e+01 6.00454131e+00
 4.15000000e+02 1.44648848e+01 6.01457925e+00
 4.20000000e+02 1.44785277e+01 6.02421035e+00
 4.25000000e+02 1.44916002e+01 6.03345085e+00
 4.30000000e+02 1.45041264e+01 6.04231635e+00
 4.35000000e+02 1.45161293e+01 6.05082185e+00
 4.40000000e+02 1.45276311e+01 6.05898177e+00
 4.45000000e+02 1.45386529e+01 6.06680995e+00
 4.50000000e+02 1.45492147e+01 6.07431970e+00
 4.55000000e+02 1.45593361e+01 6.08152380e+00
 4.60000000e+02 1.45690355e+01 6.08843455e+00
 4.65000000e+02 1.45783306e+01 6.09506374e+00
 4.70000000e+02 1.45872384e+01 6.10142270e+00
 4.75000000e+02 1.45957751e+01 6.10752233e+00
 4.80000000e+02 1.46039564e+01 6.11337309e+00
 4.85000000e+02 1.46117970e+01 6.11898502e+00
 4.90000000e+02 1.46193113e+01 6.12436777e+00
 4.95000000e+02 1.46265130e+01 6.12953060e+00
 5.00000000e+02 1.46334151e+01 6.13448241e+00
 5.05000000e+02 1.46400301e+01 6.13923174e+00
 5.10000000e+02 1.46463700e+01 6.14378679e+00
 5.15000000e+02 1.46524464e+01 6.14815545e+00
 5.20000000e+02 1.46582702e+01 6.15234527e+00
 5.25000000e+02 1.46638521e+01 6.15636352e+00
 5.30000000e+02 1.46692020e+01 6.16021715e+00
 5.35000000e+02 1.46743296e+01 6.16391287e+00
 5.40000000e+02 1.46792443e+01 6.16745709e+00
 5.45000000e+02 1.46839549e+01 6.17085598e+00
 5.50000000e+02 1.46884699e+01 6.17411546e+00
 5.55000000e+02 1.46927975e+01 6.17724119e+00
 5.60000000e+02 1.46969455e+01 6.18023865e+00
 5.65000000e+02 1.47009213e+01 6.18311304e+00
 5.70000000e+02 1.47047321e+01 6.18586941e+00
 5.75000000e+02 1.47083848e+01 6.18851255e+00
 5.80000000e+02 1.47118860e+01 6.19104711e+00
 5.85000000e+02 1.47152419e+01 6.19347750e+00
 5.90000000e+02 1.47184587e+01 6.19580799e+00
 5.95000000e+02 1.47215420e+01 6.19804267e+00
 6.00000000e+02 1.47244975e+01 6.20018545e+00
==12067== 
==12067== HEAP SUMMARY:
==12067==     in use at exit: 0 bytes in 0 blocks
==12067==   total heap usage: 122 allocs, 122 frees, 11,840 bytes allocated
==12067== 
==12067== All heap blocks were freed -- no leaks are possible
==12067== 
==12067== For lists of detected and suppressed errors, rerun with: -s
==12067== ERROR SUMMARY: 0 errors from 0 contexts (suppressed: 0 from 0)

valgrind --tool=memcheck --leak-check=yes --track-origins=yes ./hw14 -tank -x1 0 -x2 0 -step 5 -ftime 600 -rk4
==12070== Memcheck, a memory error detector
==12070== Copyright (C) 2002-2017, and GNU GPL'd, by Julian Seward et al.
==12070== Using Valgrind-3.16.1 and LibVEX; rerun with -h for copyright info
==12070== Command: ./hw14 -tank -x1 0 -x2 0 -step 5 -ftime 600 -rk4
==12070== 
 0.00000000e+00 0.00000000e+00 0.00000000e+00
 5.00000000e+00 1.03328568e+00 1.38380523e-01
 1.00000000e+01 1.89048320e+00 2.99849127e-01
 1.50000000e+01 2.65060225e+00 4.78797646e-01
 2.00000000e+01 3.33802429e+00 6.63941396e-01
 2.50000000e+01 3.96672413e+00 8.50433742e-01
 3.00000000e+01 4.54604644e+00 1.03570515e+00
 3.50000000e+01 5.08278577e+00 1.21825214e+00
 4.00000000e+01 5.58215373e+00 1.39715022e+00
 4.50000000e+01 6.04829944e+00 1.57181993e+00
 5.00000000e+01 6.48461821e+00 1.74190055e+00
 5.50000000e+01 6.89394778e+00 1.90717647e+00
 6.00000000e+01 7.27870000e+00 2.06753143e+00
 6.50000000e+01 7.64095276e+00 2.22291884e+00
 7.00000000e+01 7.98251651e+00 2.37334180e+00
 7.50000000e+01 8.30498368e+00 2.51883924e+00
 8.00000000e+01 8.60976626e+00 2.65947610e+00
 8.50000000e+01 8.89812495e+00 2.79533618e+00
 9.00000000e+01 9.17119219e+00 2.92651686e+00
 9.50000000e+01 9.42999064e+00 3.05312527e+00
 1.00000000e+02 9.67544810e+00 3.17527523e+00
 1.05000000e+02 9.90840985e+00 3.29308505e+00
 1.10000000e+02 1.01296488e+01 3.40667581e+00
 1.15000000e+02 1.03398743e+01 3.51616996e+00
 1.20000000e+02 1.05397387e+01 3.62169036e+00
 1.25000000e+02 1.07298445e+01 3.72335942e+00
 1.30000000e+02 1.09107487e+01 3.82129850e+00
 1.35000000e+02 1.10829679e+01 3.91562740e+00
 1.40000000e+02 1.12469820e+01 4.00646403e+00
 1.45000000e+02 1.14032377e+01 4.09392409e+00
 1.50000000e+02 1.15521519e+01 4.17812086e+00
 1.55000000e+02 1.16941134e+01 4.25916505e+00
 1.60000000e+02 1.18294865e+01 4.33716467e+00
 1.65000000e+02 1.19586121e+01 4.41222497e+00
 1.70000000e+02 1.20818101e+01 4.48444838e+00
 1.75000000e+02 1.21993808e+01 4.55393448e+00
 1.80000000e+02 1.23116066e+01 4.62077999e+00
 1.85000000e+02 1.24187533e+01 4.68507879e+00
 1.90000000e+02 1.25210712e+01 4.74692195e+00
 1.95000000e+02 1.26187965e+01 4.80639773e+00
 2.00000000e+02 1.27121519e+01 4.86359165e+00
 2.05000000e+02 1.28013478e+01 4.91858649e+00
 2.10000000e+02 1.28865832e+01 4.97146241e+00
 2.15000000e+02 1.29680461e+01 5.02229695e+00
 2.20000000e+02 1.30459147e+01 5.07116509e+00
 2.25000000e+02 1.31203575e+01 5.11813934e+00
 2.30000000e+02 1.31915343e+01 5.16328976e+00
 2.35000000e+02 1.32595968e+01 5.20668406e+00
 2.40000000e+02 1.33246886e+01 5.24838763e+00
 2.45000000e+02 1.33869462e+01 5.28846364e+00
 2.50000000e+02 1.34464992e+01 5.32697306e+00
 2.55000000e+02 1.35034707e+01 5.36397474e+00
 2.60000000e+02 1.35579778e+01 5.39952550e+00
 2.65000000e+02 1.36101315e+01 5.43368014e+00
 2.70000000e+02 1.36600379e+01 5.46649152e+00
 2.75000000e+02 1.37077975e+01 5.49801065e+00
 2.80000000e+02 1.37535063e+01 5.52828670e+00
 2.85000000e+02 1.37972554e+01 5.55736708e+00
 2.90000000e+02 1.38391318e+01 5.58529750e+00
 2.95000000e+02 1.38792184e+01 5.61212203e+00
 3.00000000e+02 1.39175940e+01 5.63788312e+00
 3.05000000e+02 1.39543339e+01 5.66262169e+00
 3.10000000e+02 1.39895099e+01 5.68637715e+00
 3.15000000e+02 1.40231902e+01 5.70918749e+00
 3.20000000e+02 1.40554403e+01 5.73108928e+00
 3.25000000e+02 1.40863224e+01 5.75211774e+00
 3.30000000e+02 1.41158959e+01 5.77230681e+00
 3.35000000e+02 1.41442176e+01 5.79168914e+00
 3.40000000e+02 1.41713417e+01 5.81029618e+00
 3.45000000e+02 1.41973197e+01 5.82815820e+00
 3.50000000e+02 1.42222012e+01 5.84530435e+00
 3.55000000e+02 1.42460334e+01 5.86176265e+00
 3.60000000e+02 1.42688613e+01 5.87756010e+00
 3.65000000e+02 1.42907279e+01 5.89272267e+00
 3.70000000e+02 1.43116745e+01 5.90727533e+00
 3.75000000e+02 1.43317404e+01 5.92124212e+00
 3.80000000e+02 1.43509632e+01 5.93464617e+00
 3.85000000e+02 1.43693789e+01 5.94750971e+00
 3.90000000e+02 1.43870218e+01 5.95985413e+00
 3.95000000e+02 1.44039248e+01 5.97169999e+00
 4.00000000e+02 1.44201194e+01 5.98306708e+00
 4.05000000e+02 1.44356355e+01 5.99397442e+00
 4.10000000e+02 1.44505020e+01 6.00444029e+00
 4.15000000e+02 1.44647464e+01 6.01448226e+00
 4.20000000e+02 1.44783951e+01 6.02411723e+00
 4.25000000e+02 1.44914730e+01 6.03336146e+00
 4.30000000e+02 1.45040045e+01 6.04223054e+00
 4.35000000e+02 1.45160125e+01 6.05073948e+00
 4.40000000e+02 1.45275192e+01 6.05890270e+00
 4.45000000e+02 1.45385455e+01 6.06673405e+00
 4.50000000e+02 1.45491119e+01 6.07424685e+00
 4.55000000e+02 1.45592375e+01 6.08145388e+00
 4.60000000e+02 1.45689409e+01 6.08836744e+00
 4.65000000e+02 1.45782399e+01 6.09499933e+00
 4.70000000e+02 1.45871515e+01 6.10136089e+00
 4.75000000e+02 1.45956918e+01 6.10746302e+00
 4.80000000e+02 1.46038765e+01 6.11331617e+00
 4.85000000e+02 1.46117205e+01 6.11893039e+00
 4.90000000e+02 1.46192379e+01 6.12431535e+00
 4.95000000e+02 1.46264426e+01 6.12948030e+00
 5.00000000e+02 1.46333476e+01 6.13443414e+00
 5.05000000e+02 1.46399654e+01 6.13918542e+00
 5.10000000e+02 1.46463080e+01 6.14374236e+00
 5.15000000e+02 1.46523870e+01 6.14811281e+00
 5.20000000e+02 1.46582132e+01 6.15230436e+00
 5.25000000e+02 1.46637974e+01 6.15632427e+00
 5.30000000e+02 1.46691496e+01 6.16017949e+00
 5.35000000e+02 1.46742794e+01 6.16387674e+00
 5.40000000e+02 1.46791962e+01 6.16742243e+00
 5.45000000e+02 1.46839087e+01 6.17082272e+00
 5.50000000e+02 1.46884257e+01 6.17408355e+00
 5.55000000e+02 1.46927551e+01 6.17721058e+00
 5.60000000e+02 1.46969048e+01 6.18020928e+00
 5.65000000e+02 1.47008823e+01 6.18308487e+00
 5.70000000e+02 1.47046947e+01 6.18584238e+00
 5.75000000e+02 1.47083489e+01 6.18848663e+00
 5.80000000e+02 1.47118516e+01 6.19102224e+00
 5.85000000e+02 1.47152090e+01 6.19345364e+00
 5.90000000e+02 1.47184271e+01 6.19578511e+00
 5.95000000e+02 1.47215117e+01 6.19802072e+00
 6.00000000e+02 1.47244684e+01 6.20016439e+00
==12070== 
==12070== HEAP SUMMARY:
==12070==     in use at exit: 0 bytes in 0 blocks
==12070==   total heap usage: 122 allocs, 122 frees, 13,776 bytes allocated
==12070== 
==12070== All heap blocks were freed -- no leaks are possible
==12070== 
==12070== For lists of detected and suppressed errors, rerun with: -s
==12070== ERROR SUMMARY: 0 errors from 0 contexts (suppressed: 0 from 0)
